Allele	DPA1_02_01__DPB1_879_01
Version	2.0.2
Type	Standard
n_specificities	2
npep_u	0.861	0.139
npep_t	5000	5000
spec_ids	1	-1
L_core	9
L_N	0
L_C	0
CS_perL	1
pepL_lower	12
pepL_upper	21
n_diff_aa	20

PWM_norm.1	P1	P2	P3	P4	P5	P6	P7	P8	P9
A	0.0993	1.5551	1.7974	1.2395	0.9702	0.6664	1.3568	1.0716	0.2177
C	0.0353	0.1682	0.182	0.2411	0.2154	0.1282	0.2475	0.1676	0.0233
D	0.0659	0.5213	0.7845	1.7171	1.3515	0.1162	0.385	1.1548	7.5501
E	0.0793	1.3484	0.5054	2.0829	1.0819	0.2008	2.161	1.7758	6.8102
F	0.4008	1.0912	1.4565	0.2087	0.661	8.8132	0.2284	0.4391	0.2374
G	0.0556	0.4197	1.4904	0.7673	0.4902	0.1794	0.5741	0.5753	0.1741
H	0.0961	0.5679	0.7004	0.5838	1.2079	0.3541	0.6638	0.761	0.5095
I	0.1801	1.2759	1.0686	1.5631	0.8291	1.1583	0.9051	0.8166	0.1223
K	13.1209	1.2543	0.3528	0.2096	1.6289	0.0814	0.7369	1.3732	0.1036
L	0.141	1.3834	0.7627	0.4081	1.2137	1.5086	2.2579	0.713	0.1302
M	0.1273	0.713	0.6363	0.4072	0.7041	1.3637	0.7296	0.4992	0.123
N	0.0996	0.89	0.8505	0.9706	1.2062	0.3362	1.7802	1.1626	0.2282
P	0.0427	0.1275	0.6601	1.1488	0.9618	0.6004	0.2402	1.0352	0.0682
Q	0.1015	0.8251	0.7412	0.5844	1.4046	0.3346	1.3776	1.2969	0.3615
R	2.5678	0.9781	0.1809	0.1119	0.9716	0.0687	0.4149	1.6726	0.0699
S	0.055	0.7188	1.1692	1.4752	0.7646	0.3084	0.7141	0.8561	0.1583
T	0.0831	1.2653	0.848	2.0259	1.0787	0.4319	0.536	0.942	0.1354
V	0.1135	1.5581	1.7611	1.5236	0.8593	0.8135	1.2942	0.9172	0.1278
W	0.054	0.7123	2.8024	0.1937	0.2859	4.4917	0.1352	0.4476	0.0877
Y	0.3495	1.5053	2.7491	0.1533	1.1017	5.3804	0.2363	0.8402	0.2264

PWM_norm.2	P9	P8	P7	P6	P5	P4	P3	P2	P1
A	0.3132	1.1425	1.5072	0.5011	1.079	1.3816	1.3948	1.6924	0.2495
C	0.0731	0.2539	0.2631	0.1706	0.2244	0.5032	0.3664	0.4125	0.1093
D	5.13	1.253	0.3524	0.1879	1.2048	1.7196	0.633	0.3819	0.1796
E	6.9585	1.7733	1.6897	0.2531	1.1791	1.5463	0.6953	1.3484	0.2263
F	0.287	0.7232	0.4056	4.0188	0.6455	0.3494	1.7482	0.9739	0.4908
G	0.422	0.5391	0.3426	0.1852	0.5814	0.433	0.7887	0.6484	0.1442
H	0.4794	0.8444	0.7185	0.4645	1.0682	0.6223	0.802	0.4828	0.1965
I	0.2809	0.7808	1.1995	1.4845	0.9752	1.7342	1.1164	1.5687	0.279
K	0.3113	1.4237	0.694	0.3716	1.7431	0.3325	0.6695	1.3138	12.3405
L	0.164	0.6781	1.8871	3.7307	1.068	0.4513	1.333	0.9507	0.239
M	0.2216	0.6379	0.539	3.4208	0.831	1.0927	0.9433	0.5475	0.2414
N	0.3723	1.1648	1.2212	0.2715	1.2212	2.4637	0.789	0.8469	0.3388
P	0.1561	0.8124	0.6987	0.4158	0.8748	0.7212	0.6135	0.728	0.0968
Q	0.5242	1.3997	1.1546	1.2402	1.3514	0.6811	0.743	0.9137	0.2411
R	0.2571	1.4929	0.3802	0.1678	1.0666	0.2282	0.408	0.999	1.6717
S	0.257	0.8236	0.5908	0.2538	0.6658	1.0991	0.8861	0.9711	0.176
T	0.3428	0.9168	1.138	0.383	1.1716	1.6637	1.084	1.0493	0.17
V	0.2553	1.0375	1.9484	0.7757	0.7933	1.7224	1.3097	1.2484	0.1577
W	0.1201	0.3715	0.1934	0.9144	0.3095	0.3528	3.1755	0.4877	0.1099
Y	0.2325	0.6407	0.3817	1.325	1.0342	0.3241	2.4767	0.8721	0.4468

pepL	alpha	w_s
12	99.5307	0.083	0.1488	0	0.3949	0.3733	0.3191	0.2311	0	0.3551	0.0947
13	98.9574	0.0263	0.0764	0.2382	0.4675	0.1916	0.2986	0.3626	0.1368	0.1653	0.0367
14	98.3293	0.0043	0.0259	0.161	0	0.4702	0.2976	0.0409	0.075	0.4753	0.3062	0	0.0775	0.0543	0.0116
15	98.0138	0.0017	0.0096	0.0839	0.3761	0.4093	0.0998	0.0197	0.0247	0.1824	0.5409	0.1811	0.0376	0.0237	0.0096
16	98.2233	8e-04	0.0022	0.03	0.2337	0	0.522	0.1562	0.0472	0.0079	0.0142	0.0382	0.3427	0.4747	0	0.0918	0.02	0.0102	0.0081
17	98.7349	8e-04	0.0019	0.0146	0.1152	0.4294	0.2806	0.114	0.0362	0.0072	0.013	0.0234	0.1237	0.5223	0.2209	0.0523	0.0192	0.0136	0.0115
18	99.2174	5e-04	0.0013	0.0066	0.0433	0.2908	0	0.3312	0.218	0.0767	0.0267	0.005	0.0144	0.0207	0.0564	0.2371	0.44	0	0.1507	0.0358	0.016	0.0144	0.0144
19	99.5134	0.001	0.0012	0.0074	0.029	0.145	0.2323	0.2917	0.1843	0.0762	0.0263	0.0055	0.0246	0.0328	0.0639	0.1615	0.2563	0.2441	0.1005	0.0409	0.0246	0.026	0.0246
20	99.6911	0.001	0.0012	0.0048	0.0176	0.0704	0.1449	0	0.2809	0.2453	0.1596	0.0505	0.0192	0.0045	0.0326	0.0347	0.0601	0.0749	0.1659	0.2018	0	0.2124	0.0812	0.0389	0.0326	0.0326	0.0326
21	99.7886	0.0013	0.002	0.0054	0.0189	0.0569	0.1038	0.1384	0.2552	0.2215	0.1327	0.043	0.0166	0.0041	0.0457	0.0457	0.0575	0.0991	0.1287	0.1376	0.0991	0.1258	0.0724	0.0516	0.0457	0.0457	0.0457
