Allele	DPA1_02_09__DPB1_36_01
Version	2.0.2
Type	Standard
n_specificities	2
npep_u	0.674	0.326
npep_t	5000	5000
spec_ids	1	-1
L_core	9
L_N	0
L_C	0
CS_perL	1
pepL_lower	12
pepL_upper	21
n_diff_aa	20

PWM_norm.1	P1	P2	P3	P4	P5	P6	P7	P8	P9
A	0.0993	1.3793	1.616	1.0336	1.4491	6.1668	2.0159	1.5797	1.7619
C	0.0353	0.1717	0.1949	0.0856	0.151	0.4146	0.3825	0.1389	0.1373
D	0.0659	0.9514	0.9515	1.4817	0.8357	0.0749	0.5728	0.7935	2.322
E	0.0793	1.3606	0.3797	4.4523	0.9909	0.1338	1.6652	1.3429	1.6304
F	0.4008	0.8984	1.8315	0.1209	0.6954	0.335	0.5817	0.2908	2.073
G	0.0556	0.4335	1.885	0.2305	0.3951	0.9756	0.63	0.6514	0.5281
H	0.0961	1.1369	1.1531	0.2742	0.4889	0.077	0.7222	0.8404	1.614
I	0.1801	1.4521	0.59	1.0088	1.4578	0.9644	0.9691	0.7518	0.6301
K	13.1209	1.0362	0.3403	0.1386	1.1945	0.0665	0.7043	1.8179	0.2554
L	0.141	0.9969	0.4456	0.2724	1.6481	0.3959	1.6526	0.5239	0.6356
M	0.1273	0.8051	0.6533	0.2477	0.9201	0.2101	1.0785	0.385	1.103
N	0.0996	0.7417	0.88	0.5435	0.8834	0.1482	1.3033	1.4395	1.2563
P	0.0427	0.067	0.4423	0.1302	1.0396	2.8056	0.386	1.2149	0.3806
Q	0.1015	1.1665	0.7395	0.5135	0.9483	0.0776	1.3972	1.526	0.8736
R	2.5678	1.0597	0.2617	0.0636	0.7424	0.0442	0.5977	1.2094	0.3015
S	0.055	0.7984	1.441	1.7364	0.5924	0.9254	0.6549	1.3294	1.3569
T	0.0831	1.0391	0.7827	2.698	0.9774	0.4866	0.5922	0.7726	0.7471
V	0.1135	1.7257	1.3105	1.1946	1.4308	1.3856	1.2885	0.588	0.7053
W	0.054	1.5797	3.458	0.0693	0.2062	0.0671	0.3287	0.2336	0.886
Y	0.3495	1.3422	3.6269	0.0738	1.165	0.2474	0.5393	0.698	1.1696

PWM_norm.2	P9	P8	P7	P6	P5	P4	P3	P2	P1
A	1.3311	0.8725	2.4546	6.0696	1.266	1.0369	1.4726	1.3614	0.2495
C	0.1777	0.1874	0.4187	0.4558	0.1433	0.1283	0.2049	0.2633	0.1093
D	2.1931	1.7178	0.3581	0.1105	0.7677	1.3326	0.9576	0.9222	0.1796
E	2.0645	1.5541	1.1587	0.157	0.9925	4.1143	0.4246	1.3381	0.2263
F	0.6988	0.8152	0.3809	0.3736	0.692	0.1983	1.8604	0.8855	0.4908
G	0.9824	0.8558	0.4297	0.9318	0.432	0.2693	1.7817	0.5249	0.1442
H	1.5445	1.1378	0.6215	0.1205	0.5409	0.3414	1.2732	1.2091	0.1965
I	0.6166	0.7479	1.2633	0.9865	1.6214	0.929	0.5641	1.4327	0.279
K	0.3133	1.2612	0.555	0.0976	1.3886	0.1774	0.3821	0.9811	12.3405
L	0.9127	0.8497	1.3341	0.4687	1.5827	0.3668	0.4925	0.9685	0.239
M	1.1306	0.4421	0.855	0.2193	0.9124	0.3765	0.6847	0.8682	0.2414
N	1.4602	1.1652	0.6794	0.1924	0.8299	0.6164	0.8457	0.7812	0.3388
P	0.3776	0.4672	1.2026	2.5895	1.0258	0.2082	0.4175	0.1401	0.0968
Q	1.6516	2.1379	0.7246	0.1162	0.932	0.5917	0.8067	1.1622	0.2411
R	0.4774	0.9632	0.4847	0.0607	0.7901	0.0811	0.2851	1.0204	1.6717
S	1.0607	0.8079	0.58	0.8619	0.5538	1.611	1.3836	0.8522	0.176
T	0.6319	0.888	1.2293	0.5245	1.0023	2.8125	0.8634	1.0539	0.17
V	0.5421	0.9614	2.218	1.5043	1.4825	1.2428	1.3074	1.5842	0.1577
W	0.318	0.6167	0.2799	0.0719	0.2546	0.1029	3.3624	1.5304	0.1099
Y	0.7023	0.6794	0.3994	0.1719	1.156	0.1207	3.7132	1.3619	0.4468

pepL	alpha	w_s
12	99.5307	0.083	0.1488	0	0.3949	0.3733	0.3191	0.2311	0	0.3551	0.0947
13	98.9574	0.0263	0.0764	0.2382	0.4675	0.1916	0.2986	0.3626	0.1368	0.1653	0.0367
14	98.3293	0.0043	0.0259	0.161	0	0.4702	0.2976	0.0409	0.075	0.4753	0.3062	0	0.0775	0.0543	0.0116
15	98.0138	0.0017	0.0096	0.0839	0.3761	0.4093	0.0998	0.0197	0.0247	0.1824	0.5409	0.1811	0.0376	0.0237	0.0096
16	98.2233	8e-04	0.0022	0.03	0.2337	0	0.522	0.1562	0.0472	0.0079	0.0142	0.0382	0.3427	0.4747	0	0.0918	0.02	0.0102	0.0081
17	98.7349	8e-04	0.0019	0.0146	0.1152	0.4294	0.2806	0.114	0.0362	0.0072	0.013	0.0234	0.1237	0.5223	0.2209	0.0523	0.0192	0.0136	0.0115
18	99.2174	5e-04	0.0013	0.0066	0.0433	0.2908	0	0.3312	0.218	0.0767	0.0267	0.005	0.0144	0.0207	0.0564	0.2371	0.44	0	0.1507	0.0358	0.016	0.0144	0.0144
19	99.5134	0.001	0.0012	0.0074	0.029	0.145	0.2323	0.2917	0.1843	0.0762	0.0263	0.0055	0.0246	0.0328	0.0639	0.1615	0.2563	0.2441	0.1005	0.0409	0.0246	0.026	0.0246
20	99.6911	0.001	0.0012	0.0048	0.0176	0.0704	0.1449	0	0.2809	0.2453	0.1596	0.0505	0.0192	0.0045	0.0326	0.0347	0.0601	0.0749	0.1659	0.2018	0	0.2124	0.0812	0.0389	0.0326	0.0326	0.0326
21	99.7886	0.0013	0.002	0.0054	0.0189	0.0569	0.1038	0.1384	0.2552	0.2215	0.1327	0.043	0.0166	0.0041	0.0457	0.0457	0.0575	0.0991	0.1287	0.1376	0.0991	0.1258	0.0724	0.0516	0.0457	0.0457	0.0457
