Allele	DPA1_02_09__DPB1_50_01
Version	2.0.2
Type	Standard
n_specificities	2
npep_u	0.908	0.092
npep_t	5000	5000
spec_ids	1	-1
L_core	9
L_N	0
L_C	0
CS_perL	1
pepL_lower	12
pepL_upper	21
n_diff_aa	20

PWM_norm.1	P1	P2	P3	P4	P5	P6	P7	P8	P9
A	0.0993	1.5551	1.7974	1.2395	0.9702	0.6664	2.7007	1.3925	2.0617
C	0.0353	0.1682	0.182	0.2411	0.2154	0.1282	0.2558	0.1601	0.1792
D	0.0659	0.5213	0.7845	1.7171	1.3515	0.1162	0.4518	0.7925	1.4484
E	0.0793	1.3484	0.5054	2.0829	1.0819	0.2008	1.7631	1.5742	0.9597
F	0.4008	1.0912	1.4565	0.2087	0.661	8.8132	0.2374	0.4296	0.1541
G	0.0556	0.4197	1.4904	0.7673	0.4902	0.1794	0.7506	0.5348	0.4462
H	0.0961	0.5679	0.7004	0.5838	1.2079	0.3541	0.3045	0.9767	2.6965
I	0.1801	1.2759	1.0686	1.5631	0.8291	1.1583	0.8195	0.969	0.3709
K	13.1209	1.2543	0.3528	0.2096	1.6289	0.0814	0.3825	1.3955	0.1144
L	0.141	1.3834	0.7627	0.4081	1.2137	1.5086	2.0421	0.7296	0.4714
M	0.1273	0.713	0.6363	0.4072	0.7041	1.3637	0.8731	0.6538	0.2854
N	0.0996	0.89	0.8505	0.9706	1.2062	0.3362	1.1407	1.1569	5.2804
P	0.0427	0.1275	0.6601	1.1488	0.9618	0.6004	0.2774	0.9531	0.236
Q	0.1015	0.8251	0.7412	0.5844	1.4046	0.3346	0.9107	1.3025	0.9827
R	2.5678	0.9781	0.1809	0.1119	0.9716	0.0687	0.2905	1.3779	0.1352
S	0.055	0.7188	1.1692	1.4752	0.7646	0.3084	0.8599	0.9151	2.2425
T	0.0831	1.2653	0.848	2.0259	1.0787	0.4319	0.6178	1.078	0.6838
V	0.1135	1.5581	1.7611	1.5236	0.8593	0.8135	1.3909	1.0151	0.7313
W	0.054	0.7123	2.8024	0.1937	0.2859	4.4917	0.0926	0.321	0.08
Y	0.3495	1.5053	2.7491	0.1533	1.1017	5.3804	0.2356	0.8207	0.156

PWM_norm.2	P9	P8	P7	P6	P5	P4	P3	P2	P1
A	2.115	1.337	2.406	0.5011	1.079	1.3816	1.3948	1.6924	0.2495
C	0.1614	0.2601	0.2396	0.1706	0.2244	0.5032	0.3664	0.4125	0.1093
D	1.3978	0.9792	0.4549	0.1879	1.2048	1.7196	0.633	0.3819	0.1796
E	0.9091	1.5111	1.5546	0.2531	1.1791	1.5463	0.6953	1.3484	0.2263
F	0.1106	0.54	0.4192	4.0188	0.6455	0.3494	1.7482	0.9739	0.4908
G	0.4363	0.4876	0.4789	0.1852	0.5814	0.433	0.7887	0.6484	0.1442
H	2.9125	1.1171	0.4766	0.4645	1.0682	0.6223	0.802	0.4828	0.1965
I	0.3259	0.8592	0.9323	1.4845	0.9752	1.7342	1.1164	1.5687	0.279
K	0.0924	1.4441	0.4236	0.3716	1.7431	0.3325	0.6695	1.3138	12.3405
L	0.3733	0.6872	1.8257	3.7307	1.068	0.4513	1.333	0.9507	0.239
M	0.2315	0.7705	0.7299	3.4208	0.831	1.0927	0.9433	0.5475	0.2414
N	5.6999	1.115	1.1733	0.2715	1.2212	2.4637	0.789	0.8469	0.3388
P	0.2134	0.7475	0.7202	0.4158	0.8748	0.7212	0.6135	0.728	0.0968
Q	0.9022	1.5271	1.2198	1.2402	1.3514	0.6811	0.743	0.9137	0.2411
R	0.12	1.3655	0.2912	0.1678	1.0666	0.2282	0.408	0.999	1.6717
S	2.3798	0.8577	0.7842	0.2538	0.6658	1.0991	0.8861	0.9711	0.176
T	0.6866	1.1247	0.8523	0.383	1.1716	1.6637	1.084	1.0493	0.17
V	0.6249	1.0785	1.4673	0.7757	0.7933	1.7224	1.3097	1.2484	0.1577
W	0.0668	0.3532	0.1628	0.9144	0.3095	0.3528	3.1755	0.4877	0.1099
Y	0.1315	0.7747	0.3769	1.325	1.0342	0.3241	2.4767	0.8721	0.4468

pepL	alpha	w_s
12	99.5307	0.083	0.1488	0	0.3949	0.3733	0.3191	0.2311	0	0.3551	0.0947
13	98.9574	0.0263	0.0764	0.2382	0.4675	0.1916	0.2986	0.3626	0.1368	0.1653	0.0367
14	98.3293	0.0043	0.0259	0.161	0	0.4702	0.2976	0.0409	0.075	0.4753	0.3062	0	0.0775	0.0543	0.0116
15	98.0138	0.0017	0.0096	0.0839	0.3761	0.4093	0.0998	0.0197	0.0247	0.1824	0.5409	0.1811	0.0376	0.0237	0.0096
16	98.2233	8e-04	0.0022	0.03	0.2337	0	0.522	0.1562	0.0472	0.0079	0.0142	0.0382	0.3427	0.4747	0	0.0918	0.02	0.0102	0.0081
17	98.7349	8e-04	0.0019	0.0146	0.1152	0.4294	0.2806	0.114	0.0362	0.0072	0.013	0.0234	0.1237	0.5223	0.2209	0.0523	0.0192	0.0136	0.0115
18	99.2174	5e-04	0.0013	0.0066	0.0433	0.2908	0	0.3312	0.218	0.0767	0.0267	0.005	0.0144	0.0207	0.0564	0.2371	0.44	0	0.1507	0.0358	0.016	0.0144	0.0144
19	99.5134	0.001	0.0012	0.0074	0.029	0.145	0.2323	0.2917	0.1843	0.0762	0.0263	0.0055	0.0246	0.0328	0.0639	0.1615	0.2563	0.2441	0.1005	0.0409	0.0246	0.026	0.0246
20	99.6911	0.001	0.0012	0.0048	0.0176	0.0704	0.1449	0	0.2809	0.2453	0.1596	0.0505	0.0192	0.0045	0.0326	0.0347	0.0601	0.0749	0.1659	0.2018	0	0.2124	0.0812	0.0389	0.0326	0.0326	0.0326
21	99.7886	0.0013	0.002	0.0054	0.0189	0.0569	0.1038	0.1384	0.2552	0.2215	0.1327	0.043	0.0166	0.0041	0.0457	0.0457	0.0575	0.0991	0.1287	0.1376	0.0991	0.1258	0.0724	0.0516	0.0457	0.0457	0.0457
