Allele	DPA1_02_07__DPB1_106_01
Version	2.0.2
Type	Standard
n_specificities	2
npep_u	0.547	0.453
npep_t	5000	5000
spec_ids	1	-1
L_core	9
L_N	0
L_C	0
CS_perL	1
pepL_lower	12
pepL_upper	21
n_diff_aa	20

PWM_norm.1	P1	P2	P3	P4	P5	P6	P7	P8	P9
A	0.0993	1.5309	1.6308	1.3277	0.9311	0.7084	0.7246	1.5797	1.1112
C	0.0353	0.2313	0.2112	0.1777	0.2371	0.1796	0.1609	0.1389	0.6876
D	0.0659	0.7279	0.8635	0.4411	1.3369	0.0488	0.2583	0.7935	0.647
E	0.0793	1.1412	0.4814	0.7586	1.0387	0.1306	1.4141	1.3429	0.3213
F	0.4008	1.0776	1.7785	0.527	0.6884	3.2679	0.3516	0.2908	1.626
G	0.0556	0.2896	1.0765	0.5415	0.5188	0.1154	0.1992	0.6514	0.3715
H	0.0961	0.4051	0.5422	2.7975	1.2322	0.1694	2.7818	0.8404	0.2997
I	0.1801	1.2629	1.5775	1.338	0.7928	3.1581	0.7311	0.7518	2.8161
K	13.1209	1.8103	0.2992	2.6379	1.6911	0.0579	1.8476	1.8179	0.1177
L	0.141	1.5065	0.8125	0.5219	1.089	3.5015	1.621	0.5239	1.8092
M	0.1273	0.8577	0.5726	0.5175	0.6693	4.4088	0.4305	0.385	1.7311
N	0.0996	0.785	1.0208	1.2163	1.2932	0.1086	1.8641	1.4395	0.6924
P	0.0427	0.0744	0.5164	0.6115	1.0639	0.2365	0.1215	1.2149	0.2277
Q	0.1015	1.127	0.7434	1.0149	1.3376	0.1527	3.7174	1.526	0.2196
R	2.5678	1.0844	0.1341	0.6667	0.9942	0.047	1.1405	1.2094	0.1142
S	0.055	0.4634	1.1011	1.186	0.7775	0.21	0.3149	1.3294	0.8323
T	0.0831	0.8737	0.6702	1.1398	1.237	0.265	0.3391	0.7726	1.5217
V	0.1135	1.4324	2.1295	1.1883	0.7717	1.9996	0.8366	0.588	2.9372
W	0.054	1.2203	2.1086	0.9252	0.312	0.3992	0.3183	0.2336	0.4484
Y	0.3495	1.5985	3.2508	0.5994	1.1472	1.5199	0.4048	0.698	1.0587

PWM_norm.2	P9	P8	P7	P6	P5	P4	P3	P2	P1
A	1.0896	0.8725	0.7332	0.198	0.9483	1.3422	0.8963	1.8626	0.2495
C	0.711	0.1874	0.148	0.0688	0.2758	0.3595	0.1762	0.3428	0.1093
D	0.6447	1.7178	0.1871	0.0657	1.2715	0.8649	0.3814	0.4139	0.1796
E	0.3577	1.5541	1.3116	0.0724	1.0875	0.4239	0.3179	1.3226	0.2263
F	0.8099	0.8152	0.3302	6.3192	0.6613	0.9971	4.7028	1.0332	0.4908
G	0.5359	0.8558	0.1661	0.082	0.5662	0.3349	0.6653	0.6053	0.1442
H	0.3154	1.1378	3.1297	0.1791	1.0362	4.5368	0.4377	0.4524	0.1965
I	2.9384	0.7479	0.9116	1.91	0.902	1.2839	1.0377	1.7328	0.279
K	0.1172	1.2612	1.7195	0.0782	1.793	1.7247	0.316	1.1968	12.3405
L	2.3744	0.8497	1.5596	3.8442	0.9983	0.3798	2.0976	1.0928	0.239
M	1.8506	0.4421	0.302	3.1292	0.7792	0.9648	0.6443	0.6215	0.2414
N	0.7613	1.1652	1.718	0.1582	1.2945	3.1707	0.4774	0.8078	0.3388
P	0.2376	0.4672	0.1762	0.1545	1.0295	0.234	0.3139	0.6088	0.0968
Q	0.2957	2.1379	3.7447	0.379	1.2686	0.6827	0.3894	0.9254	0.2411
R	0.1286	0.9632	1.151	0.058	1.0953	0.5371	0.1912	0.8723	1.6717
S	0.7101	0.8079	0.2774	0.1154	0.7127	0.9459	0.8092	0.8458	0.176
T	1.2104	0.888	0.4347	0.3891	1.2678	0.8408	1.4053	1.0257	0.17
V	2.6596	0.9614	0.9766	0.7781	0.7463	1.3266	1.1007	1.2909	0.1577
W	0.2521	0.6167	0.2748	1.3791	0.3601	1.187	1.6299	0.5406	0.1099
Y	0.7377	0.6794	0.5124	2.9253	1.1807	1.037	3.4519	0.8613	0.4468

pepL	alpha	w_s
12	99.5307	0.083	0.1488	0	0.3949	0.3733	0.3191	0.2311	0	0.3551	0.0947
13	98.9574	0.0263	0.0764	0.2382	0.4675	0.1916	0.2986	0.3626	0.1368	0.1653	0.0367
14	98.3293	0.0043	0.0259	0.161	0	0.4702	0.2976	0.0409	0.075	0.4753	0.3062	0	0.0775	0.0543	0.0116
15	98.0138	0.0017	0.0096	0.0839	0.3761	0.4093	0.0998	0.0197	0.0247	0.1824	0.5409	0.1811	0.0376	0.0237	0.0096
16	98.2233	8e-04	0.0022	0.03	0.2337	0	0.522	0.1562	0.0472	0.0079	0.0142	0.0382	0.3427	0.4747	0	0.0918	0.02	0.0102	0.0081
17	98.7349	8e-04	0.0019	0.0146	0.1152	0.4294	0.2806	0.114	0.0362	0.0072	0.013	0.0234	0.1237	0.5223	0.2209	0.0523	0.0192	0.0136	0.0115
18	99.2174	5e-04	0.0013	0.0066	0.0433	0.2908	0	0.3312	0.218	0.0767	0.0267	0.005	0.0144	0.0207	0.0564	0.2371	0.44	0	0.1507	0.0358	0.016	0.0144	0.0144
19	99.5134	0.001	0.0012	0.0074	0.029	0.145	0.2323	0.2917	0.1843	0.0762	0.0263	0.0055	0.0246	0.0328	0.0639	0.1615	0.2563	0.2441	0.1005	0.0409	0.0246	0.026	0.0246
20	99.6911	0.001	0.0012	0.0048	0.0176	0.0704	0.1449	0	0.2809	0.2453	0.1596	0.0505	0.0192	0.0045	0.0326	0.0347	0.0601	0.0749	0.1659	0.2018	0	0.2124	0.0812	0.0389	0.0326	0.0326	0.0326
21	99.7886	0.0013	0.002	0.0054	0.0189	0.0569	0.1038	0.1384	0.2552	0.2215	0.1327	0.043	0.0166	0.0041	0.0457	0.0457	0.0575	0.0991	0.1287	0.1376	0.0991	0.1258	0.0724	0.0516	0.0457	0.0457	0.0457
