Allele	DPA1_04_02__DPB1_676_01
Version	2.0.2
Type	Standard
n_specificities	1
npep_u	1
npep_t	5000
spec_ids	1
L_core	9
L_N	0
L_C	0
CS_perL	1
pepL_lower	12
pepL_upper	21
n_diff_aa	20

PWM_norm.1	P1	P2	P3	P4	P5	P6	P7	P8	P9
A	0.194	1.5551	1.7974	1.2011	1.4491	6.1668	4.285	1.3021	1.8621
C	0.0443	0.1682	0.182	0.1051	0.151	0.4146	0.3042	0.2073	0.373
D	0.09	0.5213	0.7845	1.4831	0.8357	0.0749	0.5146	0.7502	1.071
E	0.106	1.3484	0.5054	2.552	0.9909	0.1338	1.2707	1.3454	0.9264
F	0.8851	1.0912	1.4565	0.1196	0.6954	0.335	0.4767	0.5287	0.3521
G	0.0785	0.4197	1.4904	0.3438	0.3951	0.9756	0.7121	0.6615	0.7111
H	0.5898	0.5679	0.7004	0.2506	0.4889	0.077	0.2782	1.1905	2.1422
I	0.3644	1.2759	1.0686	2.4405	1.4578	0.9644	0.7985	0.9921	0.7564
K	1.058	1.2543	0.3528	0.1371	1.1945	0.0665	0.2822	1.3714	0.1811
L	0.3487	1.3834	0.7627	0.3165	1.6481	0.3959	1.4223	0.7855	0.7573
M	0.2421	0.713	0.6363	0.3465	0.9201	0.2101	1.0021	0.7119	0.5386
N	0.133	0.89	0.8505	0.4437	0.8834	0.1482	0.7026	1.1171	3.7418
P	0.0821	0.1275	0.6601	0.8947	1.0396	2.8056	0.3507	1.0622	0.2934
Q	0.3495	0.8251	0.7412	0.3323	0.9483	0.0776	0.8023	1.2561	1.1855
R	12.971	0.9781	0.1809	0.0552	0.7424	0.0442	0.3647	1.369	0.257
S	0.0968	0.7188	1.1692	1.7829	0.5924	0.9254	0.7621	0.8595	1.7651
T	0.1526	1.2653	0.848	2.385	0.9774	0.4866	0.6059	1.0352	0.7801
V	0.234	1.5581	1.7611	1.6474	1.4308	1.3856	1.3347	1.0097	1.2061
W	0.1262	0.7123	2.8024	0.0606	0.2062	0.0671	0.1357	0.4437	0.1437
Y	0.531	1.5053	2.7491	0.0749	1.165	0.2474	0.4293	0.943	0.4122

pepL	alpha	w_s
12	99.5307	0.083	0.1488	0	0.3949	0.3733
13	98.9574	0.0263	0.0764	0.2382	0.4675	0.1916
14	98.3293	0.0043	0.0259	0.161	0	0.4702	0.2976	0.0409
15	98.0138	0.0017	0.0096	0.0839	0.3761	0.4093	0.0998	0.0197
16	98.2233	8e-04	0.0022	0.03	0.2337	0	0.522	0.1562	0.0472	0.0079
17	98.7349	8e-04	0.0019	0.0146	0.1152	0.4294	0.2806	0.114	0.0362	0.0072
18	99.2174	5e-04	0.0013	0.0066	0.0433	0.2908	0	0.3312	0.218	0.0767	0.0267	0.005
19	99.5134	0.001	0.0012	0.0074	0.029	0.145	0.2323	0.2917	0.1843	0.0762	0.0263	0.0055
20	99.6911	0.001	0.0012	0.0048	0.0176	0.0704	0.1449	0	0.2809	0.2453	0.1596	0.0505	0.0192	0.0045
21	99.7886	0.0013	0.002	0.0054	0.0189	0.0569	0.1038	0.1384	0.2552	0.2215	0.1327	0.043	0.0166	0.0041
