Allele	DPA1_01_14__DPB1_20_01
Version	2.0.2
Type	Standard
n_specificities	1
npep_u	1
npep_t	5000
spec_ids	1
L_core	9
L_N	0
L_C	0
CS_perL	1
pepL_lower	12
pepL_upper	21
n_diff_aa	20

PWM_norm.1	P1	P2	P3	P4	P5	P6	P7	P8	P9
A	0.194	1.3793	1.616	1.0336	1.4491	6.1668	4.285	1.3925	1.9124
C	0.0443	0.1717	0.1949	0.0856	0.151	0.4146	0.3042	0.1601	0.2096
D	0.09	0.9514	0.9515	1.4817	0.8357	0.0749	0.5146	0.7925	1.5247
E	0.106	1.3606	0.3797	4.4523	0.9909	0.1338	1.2707	1.5742	1.0119
F	0.8851	0.8984	1.8315	0.1209	0.6954	0.335	0.4767	0.4296	0.1456
G	0.0785	0.4335	1.885	0.2305	0.3951	0.9756	0.7121	0.5348	0.4546
H	0.5898	1.1369	1.1531	0.2742	0.4889	0.077	0.2782	0.9767	2.7424
I	0.3644	1.4521	0.59	1.0088	1.4578	0.9644	0.7985	0.969	0.3898
K	1.058	1.0362	0.3403	0.1386	1.1945	0.0665	0.2822	1.3955	0.1193
L	0.3487	0.9969	0.4456	0.2724	1.6481	0.3959	1.4223	0.7296	0.4582
M	0.2421	0.8051	0.6533	0.2477	0.9201	0.2101	1.0021	0.6538	0.2898
N	0.133	0.7417	0.88	0.5435	0.8834	0.1482	0.7026	1.1569	5.5783
P	0.0821	0.067	0.4423	0.1302	1.0396	2.8056	0.3507	0.9531	0.2345
Q	0.3495	1.1665	0.7395	0.5135	0.9483	0.0776	0.8023	1.3025	0.9509
R	12.971	1.0597	0.2617	0.0636	0.7424	0.0442	0.3647	1.3779	0.147
S	0.0968	0.7984	1.441	1.7364	0.5924	0.9254	0.7621	0.9151	2.1509
T	0.1526	1.0391	0.7827	2.698	0.9774	0.4866	0.6059	1.078	0.6641
V	0.234	1.7257	1.3105	1.1946	1.4308	1.3856	1.3347	1.0151	0.733
W	0.1262	1.5797	3.458	0.0693	0.2062	0.0671	0.1357	0.321	0.0781
Y	0.531	1.3422	3.6269	0.0738	1.165	0.2474	0.4293	0.8207	0.1488

pepL	alpha	w_s
12	99.5307	0.083	0.1488	0	0.3949	0.3733
13	98.9574	0.0263	0.0764	0.2382	0.4675	0.1916
14	98.3293	0.0043	0.0259	0.161	0	0.4702	0.2976	0.0409
15	98.0138	0.0017	0.0096	0.0839	0.3761	0.4093	0.0998	0.0197
16	98.2233	8e-04	0.0022	0.03	0.2337	0	0.522	0.1562	0.0472	0.0079
17	98.7349	8e-04	0.0019	0.0146	0.1152	0.4294	0.2806	0.114	0.0362	0.0072
18	99.2174	5e-04	0.0013	0.0066	0.0433	0.2908	0	0.3312	0.218	0.0767	0.0267	0.005
19	99.5134	0.001	0.0012	0.0074	0.029	0.145	0.2323	0.2917	0.1843	0.0762	0.0263	0.0055
20	99.6911	0.001	0.0012	0.0048	0.0176	0.0704	0.1449	0	0.2809	0.2453	0.1596	0.0505	0.0192	0.0045
21	99.7886	0.0013	0.002	0.0054	0.0189	0.0569	0.1038	0.1384	0.2552	0.2215	0.1327	0.043	0.0166	0.0041
