Allele	DPA1_04_02__DPB1_15_01
Version	2.0.2
Type	Standard
n_specificities	1
npep_u	1
npep_t	5000
spec_ids	1
L_core	9
L_N	0
L_C	0
CS_perL	1
pepL_lower	12
pepL_upper	21
n_diff_aa	20

PWM_norm.1	P1	P2	P3	P4	P5	P6	P7	P8	P9
A	0.2718	1.3793	1.616	0.8944	0.9585	0.7895	1.8628	1.0727	0.3444
C	0.0938	0.1717	0.1949	0.268	0.1585	0.1645	0.1202	0.1763	0.0387
D	0.0685	0.9514	0.9515	0.4282	1.3735	0.153	0.3069	0.9873	6.3187
E	0.0735	1.3606	0.3797	1.8559	1.1782	0.2306	2.0695	1.5134	6.4457
F	2.7435	0.8984	1.8315	0.505	0.5397	7.7775	0.2427	0.5057	0.3307
G	0.086	0.4335	1.885	0.2825	0.3943	0.3025	0.6481	0.6957	0.352
H	0.2736	1.1369	1.1531	0.601	1.1942	0.4546	0.4617	0.9952	0.656
I	5.9154	1.4521	0.59	1.9311	0.8214	1.1463	1.0096	0.8677	0.2458
K	0.077	1.0362	0.3403	0.8164	1.7516	0.1444	0.5778	1.3882	0.1458
L	3.2613	0.9969	0.4456	2.1976	1.1538	1.4583	2.3805	0.7915	0.1919
M	2.2444	0.8051	0.6533	0.8765	0.5664	1.6035	1.2593	0.5751	0.2457
N	0.1094	0.7417	0.88	0.5838	1.2921	0.3812	1.2471	1.1008	0.2947
P	0.1088	0.067	0.4423	0.1615	0.9215	0.6901	0.1995	1.1143	0.1044
Q	0.1924	1.1665	0.7395	0.6412	1.337	0.3984	1.4403	1.2358	0.6884
R	0.4048	1.0597	0.2617	0.2447	1.0743	0.1239	0.2676	1.5974	0.1095
S	0.0714	0.7984	1.441	0.8064	0.7992	0.4551	0.5699	0.8211	0.2375
T	0.2103	1.0391	0.7827	1.5804	1.104	0.527	0.4106	0.9401	0.2013
V	2.2439	1.7257	1.3105	1.9178	0.9437	0.8546	1.374	0.9462	0.2239
W	0.7683	1.5797	3.458	0.3696	0.172	4.1102	0.089	0.4965	0.1217
Y	0.933	1.3422	3.6269	0.384	0.9499	4.6418	0.264	0.9597	0.3154

pepL	alpha	w_s
12	99.5307	0.083	0.1488	0	0.3949	0.3733
13	98.9574	0.0263	0.0764	0.2382	0.4675	0.1916
14	98.3293	0.0043	0.0259	0.161	0	0.4702	0.2976	0.0409
15	98.0138	0.0017	0.0096	0.0839	0.3761	0.4093	0.0998	0.0197
16	98.2233	8e-04	0.0022	0.03	0.2337	0	0.522	0.1562	0.0472	0.0079
17	98.7349	8e-04	0.0019	0.0146	0.1152	0.4294	0.2806	0.114	0.0362	0.0072
18	99.2174	5e-04	0.0013	0.0066	0.0433	0.2908	0	0.3312	0.218	0.0767	0.0267	0.005
19	99.5134	0.001	0.0012	0.0074	0.029	0.145	0.2323	0.2917	0.1843	0.0762	0.0263	0.0055
20	99.6911	0.001	0.0012	0.0048	0.0176	0.0704	0.1449	0	0.2809	0.2453	0.1596	0.0505	0.0192	0.0045
21	99.7886	0.0013	0.002	0.0054	0.0189	0.0569	0.1038	0.1384	0.2552	0.2215	0.1327	0.043	0.0166	0.0041
