Allele	DPA1_02_09__DPB1_29_01
Version	2.0.2
Type	Standard
n_specificities	2
npep_u	0.959	0.041
npep_t	5000	5000
spec_ids	1	-1
L_core	9
L_N	0
L_C	0
CS_perL	1
pepL_lower	12
pepL_upper	21
n_diff_aa	20

PWM_norm.1	P1	P2	P3	P4	P5	P6	P7	P8	P9
A	0.0993	1.5551	1.7974	1.6304	1.0951	5.7727	2.6696	1.3925	2.0617
C	0.0353	0.1682	0.182	0.1168	0.1878	0.4537	0.3046	0.1601	0.1792
D	0.0659	0.5213	0.7845	0.4356	0.7446	0.0936	0.4204	0.7925	1.4484
E	0.0793	1.3484	0.5054	0.8042	1.0823	0.1311	0.8129	1.5742	0.9597
F	0.4008	1.0912	1.4565	0.3111	0.6712	0.3613	0.6755	0.4296	0.1541
G	0.0556	0.4197	1.4904	0.3582	0.4888	0.9305	0.4203	0.5348	0.4462
H	0.0961	0.5679	0.7004	1.4584	0.5718	0.0666	2.0593	0.9767	2.6965
I	0.1801	1.2759	1.0686	2.2551	1.5879	1.2502	0.7143	0.969	0.3709
K	13.1209	1.2543	0.3528	2.317	1.1953	0.0765	1.1419	1.3955	0.1144
L	0.141	1.3834	0.7627	0.4037	1.5862	0.5763	1.0997	0.7296	0.4714
M	0.1273	0.713	0.6363	0.5399	0.846	0.2694	0.7992	0.6538	0.2854
N	0.0996	0.89	0.8505	0.6212	1.0191	0.1127	1.1213	1.1569	5.2804
P	0.0427	0.1275	0.6601	0.8117	0.8894	2.3638	0.3856	0.9531	0.236
Q	0.1015	0.8251	0.7412	0.6828	1.1022	0.0692	2.3433	1.3025	0.9827
R	2.5678	0.9781	0.1809	0.2818	0.5705	0.0508	1.1337	1.3779	0.1352
S	0.055	0.7188	1.1692	1.799	0.5863	0.8759	0.6207	0.9151	2.2425
T	0.0831	1.2653	0.848	1.3941	1.2888	0.6003	0.4675	1.078	0.6838
V	0.1135	1.5581	1.7611	1.4833	1.4919	1.7693	1.0211	1.0151	0.7313
W	0.054	0.7123	2.8024	0.3274	0.1695	0.0763	0.5099	0.321	0.08
Y	0.3495	1.5053	2.7491	0.2919	1.2956	0.2466	0.6075	0.8207	0.156

PWM_norm.2	P9	P8	P7	P6	P5	P4	P3	P2	P1
A	2.115	1.337	2.4287	5.5842	1.0184	1.9832	1.3948	1.6924	0.2495
C	0.1614	0.2601	0.3775	0.6031	0.2045	0.267	0.3664	0.4125	0.1093
D	1.3978	0.9792	0.3672	0.1185	0.7288	0.3191	0.633	0.3819	0.1796
E	0.9091	1.5111	0.732	0.1776	1.0575	0.593	0.6953	1.3484	0.2263
F	0.1106	0.54	0.4219	0.7761	0.6281	0.6018	1.7482	0.9739	0.4908
G	0.4363	0.4876	0.3878	0.9189	0.5364	0.3226	0.7887	0.6484	0.1442
H	2.9125	1.1171	2.3391	0.1461	0.5999	4.9137	0.802	0.4828	0.1965
I	0.3259	0.8592	0.8528	1.1523	1.6676	1.5401	1.1164	1.5687	0.279
K	0.0924	1.4441	1.0933	0.1383	1.4322	2.2606	0.6695	1.3138	12.3405
L	0.3733	0.6872	1.0396	0.5947	1.4964	0.5021	1.333	0.9507	0.239
M	0.2315	0.7705	0.8982	0.3244	0.9745	1.3365	0.9433	0.5475	0.2414
N	5.6999	1.115	0.9917	0.1805	0.9322	1.0802	0.789	0.8469	0.3388
P	0.2134	0.7475	0.6049	2.1092	0.9529	0.1962	0.6135	0.728	0.0968
Q	0.9022	1.5271	2.3455	0.1083	1.0996	0.5633	0.743	0.9137	0.2411
R	0.12	1.3655	1.1787	0.0973	0.7276	0.5591	0.408	0.999	1.6717
S	2.3798	0.8577	0.5906	0.7818	0.5345	1.0063	0.8861	0.9711	0.176
T	0.6866	1.1247	0.5885	0.6359	1.144	0.925	1.084	1.0493	0.17
V	0.6249	1.0785	1.2407	1.7442	1.4059	1.4249	1.3097	1.2484	0.1577
W	0.0668	0.3532	0.4806	0.208	0.2815	0.7519	3.1755	0.4877	0.1099
Y	0.1315	0.7747	0.5763	0.3201	1.3156	0.5245	2.4767	0.8721	0.4468

pepL	alpha	w_s
12	99.5307	0.083	0.1488	0	0.3949	0.3733	0.3191	0.2311	0	0.3551	0.0947
13	98.9574	0.0263	0.0764	0.2382	0.4675	0.1916	0.2986	0.3626	0.1368	0.1653	0.0367
14	98.3293	0.0043	0.0259	0.161	0	0.4702	0.2976	0.0409	0.075	0.4753	0.3062	0	0.0775	0.0543	0.0116
15	98.0138	0.0017	0.0096	0.0839	0.3761	0.4093	0.0998	0.0197	0.0247	0.1824	0.5409	0.1811	0.0376	0.0237	0.0096
16	98.2233	8e-04	0.0022	0.03	0.2337	0	0.522	0.1562	0.0472	0.0079	0.0142	0.0382	0.3427	0.4747	0	0.0918	0.02	0.0102	0.0081
17	98.7349	8e-04	0.0019	0.0146	0.1152	0.4294	0.2806	0.114	0.0362	0.0072	0.013	0.0234	0.1237	0.5223	0.2209	0.0523	0.0192	0.0136	0.0115
18	99.2174	5e-04	0.0013	0.0066	0.0433	0.2908	0	0.3312	0.218	0.0767	0.0267	0.005	0.0144	0.0207	0.0564	0.2371	0.44	0	0.1507	0.0358	0.016	0.0144	0.0144
19	99.5134	0.001	0.0012	0.0074	0.029	0.145	0.2323	0.2917	0.1843	0.0762	0.0263	0.0055	0.0246	0.0328	0.0639	0.1615	0.2563	0.2441	0.1005	0.0409	0.0246	0.026	0.0246
20	99.6911	0.001	0.0012	0.0048	0.0176	0.0704	0.1449	0	0.2809	0.2453	0.1596	0.0505	0.0192	0.0045	0.0326	0.0347	0.0601	0.0749	0.1659	0.2018	0	0.2124	0.0812	0.0389	0.0326	0.0326	0.0326
21	99.7886	0.0013	0.002	0.0054	0.0189	0.0569	0.1038	0.1384	0.2552	0.2215	0.1327	0.043	0.0166	0.0041	0.0457	0.0457	0.0575	0.0991	0.1287	0.1376	0.0991	0.1258	0.0724	0.0516	0.0457	0.0457	0.0457
