Allele	DPA1_01_14__DPB1_02_02
Version	2.0.2
Type	Standard
n_specificities	2
npep_u	0.987	0.013
npep_t	5000	5000
spec_ids	1	-1
L_core	9
L_N	0
L_C	0
CS_perL	1
pepL_lower	12
pepL_upper	21
n_diff_aa	20

PWM_norm.1	P1	P2	P3	P4	P5	P6	P7	P8	P9
A	0.1462	1.3793	1.616	0.8201	0.9311	0.1569	0.7246	1.5797	1.298
C	0.0609	0.1717	0.1949	0.0802	0.2371	0.0364	0.1609	0.1389	0.3648
D	0.0389	0.9514	0.9515	0.3083	1.3369	0.0272	0.2583	0.7935	0.6365
E	0.0711	1.3606	0.3797	1.0776	1.0387	0.0441	1.4141	1.3429	0.3568
F	7.7659	0.8984	1.8315	0.3377	0.6884	16.3616	0.3516	0.2908	4.9374
G	0.0485	0.4335	1.885	0.3118	0.5188	0.061	0.1992	0.6514	0.537
H	0.3007	1.1369	1.1531	3.1769	1.2322	0.1223	2.7818	0.8404	0.3148
I	2.8745	1.4521	0.59	0.7246	0.7928	0.4832	0.7311	0.7518	1.8658
K	0.0362	1.0362	0.3403	4.6278	1.6911	0.0328	1.8476	1.8179	0.1753
L	2.5627	0.9969	0.4456	0.3859	1.089	0.9869	1.621	0.5239	1.1401
M	1.7178	0.8051	0.6533	0.33	0.6693	0.7659	0.4305	0.385	2.5064
N	0.0938	0.7417	0.88	0.8535	1.2932	0.078	1.8641	1.4395	0.3601
P	0.0334	0.067	0.4423	0.1763	1.0639	0.1306	0.1215	1.2149	0.3462
Q	0.1625	1.1665	0.7395	0.8917	1.3376	0.0551	3.7174	1.526	0.3097
R	0.0724	1.0597	0.2617	0.8219	0.9942	0.0288	1.1405	1.2094	0.176
S	0.05	0.7984	1.441	1.154	0.7775	0.096	0.3149	1.3294	0.87
T	0.0934	1.0391	0.7827	1.5645	1.237	0.1247	0.3391	0.7726	1.3089
V	0.8828	1.7257	1.3105	1.0326	0.7717	0.2423	0.8366	0.588	1.6887
W	3.4531	1.5797	3.458	0.4835	0.312	3.4412	0.3183	0.2336	1.1468
Y	5.9798	1.3422	3.6269	0.3707	1.1472	6.5791	0.4048	0.698	1.8866

PWM_norm.2	P9	P8	P7	P6	P5	P4	P3	P2	P1
A	1.2139	0.8725	0.7332	0.1439	0.9483	0.8003	1.4726	1.3614	0.1405
C	0.4886	0.1874	0.148	0.045	0.2758	0.097	0.2049	0.2633	0.047
D	0.5702	1.7178	0.1871	0.0324	1.2715	0.297	0.9576	0.9222	0.0372
E	0.476	1.5541	1.3116	0.0423	1.0875	0.9636	0.4246	1.3381	0.0726
F	1.5252	0.8152	0.3302	16.1443	0.6613	0.4174	1.8604	0.8855	8.1234
G	1.1808	0.8558	0.1661	0.0645	0.5662	0.2778	1.7817	0.5249	0.0461
H	0.401	1.1378	3.1297	0.1184	1.0362	3.5167	1.2732	1.2091	0.2309
I	1.9176	0.7479	0.9116	0.5317	0.902	0.7165	0.5641	1.4327	2.7995
K	0.2745	1.2612	1.7195	0.0563	1.793	4.7029	0.3821	0.9811	0.0384
L	2.1561	0.8497	1.5596	1.0058	0.9983	0.3936	0.4925	0.9685	2.5693
M	2.9734	0.4421	0.302	0.8672	0.7792	0.4171	0.6847	0.8682	1.6546
N	0.5029	1.1652	1.718	0.0731	1.2945	0.8516	0.8457	0.7812	0.0751
P	0.4006	0.4672	0.1762	0.0987	1.0295	0.1459	0.4175	0.1401	0.035
Q	0.7226	2.1379	3.7447	0.0897	1.2686	0.8933	0.8067	1.1622	0.1213
R	0.3774	0.9632	1.151	0.0414	1.0953	0.9171	0.2851	1.0204	0.0842
S	0.7027	0.8079	0.2774	0.0771	0.7127	1.0759	1.3836	0.8522	0.0461
T	0.9073	0.888	0.4347	0.1509	1.2678	1.4222	0.8634	1.0539	0.0817
V	1.3255	0.9614	0.9766	0.2721	0.7463	1.0125	1.3074	1.5842	0.8543
W	0.4579	0.6167	0.2748	3.3692	0.3601	0.6597	3.3624	1.5304	3.1906
Y	1.2406	0.6794	0.5124	6.5687	1.1807	0.51	3.7132	1.3619	6.0403

pepL	alpha	w_s
12	99.5307	0.083	0.1488	0	0.3949	0.3733	0.3191	0.2311	0	0.3551	0.0947
13	98.9574	0.0263	0.0764	0.2382	0.4675	0.1916	0.2986	0.3626	0.1368	0.1653	0.0367
14	98.3293	0.0043	0.0259	0.161	0	0.4702	0.2976	0.0409	0.075	0.4753	0.3062	0	0.0775	0.0543	0.0116
15	98.0138	0.0017	0.0096	0.0839	0.3761	0.4093	0.0998	0.0197	0.0247	0.1824	0.5409	0.1811	0.0376	0.0237	0.0096
16	98.2233	8e-04	0.0022	0.03	0.2337	0	0.522	0.1562	0.0472	0.0079	0.0142	0.0382	0.3427	0.4747	0	0.0918	0.02	0.0102	0.0081
17	98.7349	8e-04	0.0019	0.0146	0.1152	0.4294	0.2806	0.114	0.0362	0.0072	0.013	0.0234	0.1237	0.5223	0.2209	0.0523	0.0192	0.0136	0.0115
18	99.2174	5e-04	0.0013	0.0066	0.0433	0.2908	0	0.3312	0.218	0.0767	0.0267	0.005	0.0144	0.0207	0.0564	0.2371	0.44	0	0.1507	0.0358	0.016	0.0144	0.0144
19	99.5134	0.001	0.0012	0.0074	0.029	0.145	0.2323	0.2917	0.1843	0.0762	0.0263	0.0055	0.0246	0.0328	0.0639	0.1615	0.2563	0.2441	0.1005	0.0409	0.0246	0.026	0.0246
20	99.6911	0.001	0.0012	0.0048	0.0176	0.0704	0.1449	0	0.2809	0.2453	0.1596	0.0505	0.0192	0.0045	0.0326	0.0347	0.0601	0.0749	0.1659	0.2018	0	0.2124	0.0812	0.0389	0.0326	0.0326	0.0326
21	99.7886	0.0013	0.002	0.0054	0.0189	0.0569	0.1038	0.1384	0.2552	0.2215	0.1327	0.043	0.0166	0.0041	0.0457	0.0457	0.0575	0.0991	0.1287	0.1376	0.0991	0.1258	0.0724	0.0516	0.0457	0.0457	0.0457
