Allele	DPA1_01_03__DPB1_416_01
Version	2.0.2
Type	Standard
n_specificities	1
npep_u	1
npep_t	5000
spec_ids	1
L_core	9
L_N	0
L_C	0
CS_perL	1
pepL_lower	12
pepL_upper	21
n_diff_aa	20

PWM_norm.1	P1	P2	P3	P4	P5	P6	P7	P8	P9
A	0.1462	1.3793	1.616	0.8201	0.9311	0.1569	0.7246	1.3925	1.4206
C	0.0609	0.1717	0.1949	0.0802	0.2371	0.0364	0.1609	0.1601	1.0207
D	0.0389	0.9514	0.9515	0.3083	1.3369	0.0272	0.2583	0.7925	0.5474
E	0.0711	1.3606	0.3797	1.0776	1.0387	0.0441	1.4141	1.5742	0.286
F	7.7659	0.8984	1.8315	0.3377	0.6884	16.3616	0.3516	0.4296	0.4185
G	0.0485	0.4335	1.885	0.3118	0.5188	0.061	0.1992	0.5348	0.38
H	0.3007	1.1369	1.1531	3.1769	1.2322	0.1223	2.7818	0.9767	0.3699
I	2.8745	1.4521	0.59	0.7246	0.7928	0.4832	0.7311	0.969	2.1831
K	0.0362	1.0362	0.3403	4.6278	1.6911	0.0328	1.8476	1.3955	0.1051
L	2.5627	0.9969	0.4456	0.3859	1.089	0.9869	1.621	0.7296	1.6937
M	1.7178	0.8051	0.6533	0.33	0.6693	0.7659	0.4305	0.6538	1.0763
N	0.0938	0.7417	0.88	0.8535	1.2932	0.078	1.8641	1.1569	1.5263
P	0.0334	0.067	0.4423	0.1763	1.0639	0.1306	0.1215	0.9531	0.191
Q	0.1625	1.1665	0.7395	0.8917	1.3376	0.0551	3.7174	1.3025	0.2685
R	0.0724	1.0597	0.2617	0.8219	0.9942	0.0288	1.1405	1.3779	0.1128
S	0.05	0.7984	1.441	1.154	0.7775	0.096	0.3149	0.9151	1.2383
T	0.0934	1.0391	0.7827	1.5645	1.237	0.1247	0.3391	1.078	1.7203
V	0.8828	1.7257	1.3105	1.0326	0.7717	0.2423	0.8366	1.0151	3.2678
W	3.4531	1.5797	3.458	0.4835	0.312	3.4412	0.3183	0.321	0.1657
Y	5.9798	1.3422	3.6269	0.3707	1.1472	6.5791	0.4048	0.8207	0.36

pepL	alpha	w_s
12	99.5307	0.083	0.1488	0	0.3949	0.3733
13	98.9574	0.0263	0.0764	0.2382	0.4675	0.1916
14	98.3293	0.0043	0.0259	0.161	0	0.4702	0.2976	0.0409
15	98.0138	0.0017	0.0096	0.0839	0.3761	0.4093	0.0998	0.0197
16	98.2233	8e-04	0.0022	0.03	0.2337	0	0.522	0.1562	0.0472	0.0079
17	98.7349	8e-04	0.0019	0.0146	0.1152	0.4294	0.2806	0.114	0.0362	0.0072
18	99.2174	5e-04	0.0013	0.0066	0.0433	0.2908	0	0.3312	0.218	0.0767	0.0267	0.005
19	99.5134	0.001	0.0012	0.0074	0.029	0.145	0.2323	0.2917	0.1843	0.0762	0.0263	0.0055
20	99.6911	0.001	0.0012	0.0048	0.0176	0.0704	0.1449	0	0.2809	0.2453	0.1596	0.0505	0.0192	0.0045
21	99.7886	0.0013	0.002	0.0054	0.0189	0.0569	0.1038	0.1384	0.2552	0.2215	0.1327	0.043	0.0166	0.0041
