Allele	DPA1_03_01__DPB1_45_01
Version	2.0.2
Type	Standard
n_specificities	2
npep_u	0.902	0.098
npep_t	5000	5000
spec_ids	1	-1
L_core	9
L_N	0
L_C	0
CS_perL	1
pepL_lower	12
pepL_upper	21
n_diff_aa	20

PWM_norm.1	P1	P2	P3	P4	P5	P6	P7	P8	P9
A	0.194	1.5551	1.7974	1.3264	1.4491	5.3334	4.285	1.3925	0.9038
C	0.0443	0.1682	0.182	0.0911	0.151	0.5225	0.3042	0.1601	0.4524
D	0.09	0.5213	0.7845	1.5276	0.8357	0.2033	0.5146	0.7925	0.1528
E	0.106	1.3484	0.5054	3.0796	0.9909	0.1871	1.2707	1.5742	0.201
F	0.8851	1.0912	1.4565	0.0958	0.6954	0.1127	0.4767	0.4296	0.2048
G	0.0785	0.4197	1.4904	0.3315	0.3951	0.6929	0.7121	0.5348	0.1079
H	0.5898	0.5679	0.7004	0.2462	0.4889	0.0703	0.2782	0.9767	0.0856
I	0.3644	1.2759	1.0686	2.1714	1.4578	1.7151	0.7985	0.969	3.0932
K	1.058	1.2543	0.3528	0.096	1.1945	0.048	0.2822	1.3955	0.0474
L	0.3487	1.3834	0.7627	0.2709	1.6481	0.4297	1.4223	0.7296	4.0145
M	0.2421	0.713	0.6363	0.2755	0.9201	0.429	1.0021	0.6538	0.9454
N	0.133	0.89	0.8505	0.5571	0.8834	0.1674	0.7026	1.1569	0.2979
P	0.0821	0.1275	0.6601	0.6469	1.0396	1.4657	0.3507	0.9531	0.0579
Q	0.3495	0.8251	0.7412	0.3334	0.9483	0.0901	0.8023	1.3025	0.2304
R	12.971	0.9781	0.1809	0.0453	0.7424	0.0367	0.3647	1.3779	0.0544
S	0.0968	0.7188	1.1692	1.853	0.5924	0.8164	0.7621	0.9151	0.4535
T	0.1526	1.2653	0.848	2.1604	0.9774	0.552	0.6059	1.078	0.7986
V	0.234	1.5581	1.7611	1.5194	1.4308	3.4886	1.3347	1.0151	3.6899
W	0.1262	0.7123	2.8024	0.0497	0.2062	0.0224	0.1357	0.321	0.0579
Y	0.531	1.5053	2.7491	0.0579	1.165	0.0787	0.4293	0.8207	0.145

PWM_norm.2	P9	P8	P7	P6	P5	P4	P3	P2	P1
A	0.7759	1.337	4.1291	3.8577	1.266	2.1151	1.3948	1.6924	0.391
C	0.4076	0.2601	0.2815	0.494	0.1433	0.3639	0.3664	0.4125	0.0595
D	0.4173	0.9792	0.4225	0.3984	0.7677	1.6538	0.633	0.3819	0.1189
E	0.4203	1.5111	1.0127	0.2073	0.9925	1.318	0.6953	1.3484	0.1844
F	0.4425	0.54	0.3566	0.3846	0.692	0.3747	1.7482	0.9739	0.5186
G	0.2129	0.4876	0.5637	0.9389	0.432	0.4065	0.7887	0.6484	0.0848
H	0.1718	1.1171	0.3136	0.2646	0.5409	0.5282	0.802	0.4828	0.3995
I	3.8302	0.8592	0.8189	1.5574	1.6214	1.8953	1.1164	1.5687	0.2209
K	0.1154	1.4441	0.2704	0.1188	1.3886	0.1435	0.6695	1.3138	0.6142
L	3.9012	0.6872	1.2191	0.7903	1.5827	0.4059	1.333	0.9507	0.2813
M	1.8098	0.7705	1.0244	0.4076	0.9124	1.0796	0.9433	0.5475	0.2103
N	0.4126	1.115	0.5197	0.8464	0.8299	2.0596	0.789	0.8469	0.1433
P	0.1917	0.7475	1.2312	1.2114	1.0258	0.7724	0.6135	0.728	0.0621
Q	0.2119	1.5271	0.6186	0.3199	0.932	0.4107	0.743	0.9137	0.2396
R	0.0981	1.3655	0.3344	0.0936	0.7901	0.1027	0.408	0.999	13.9761
S	0.3704	0.8577	0.7528	1.0112	0.5538	1.2138	0.8861	0.9711	0.0881
T	0.7035	1.1247	0.8643	1.3693	1.0023	1.7378	1.084	1.0493	0.1076
V	2.272	1.0785	1.5986	2.537	1.4825	1.8481	1.3097	1.2484	0.1617
W	0.1488	0.3532	0.1969	0.0691	0.2546	0.1552	3.1755	0.4877	0.1105
Y	0.2294	0.7747	0.3599	0.1636	1.156	0.1844	2.4767	0.8721	0.2538

pepL	alpha	w_s
12	99.5307	0.083	0.1488	0	0.3949	0.3733	0.3191	0.2311	0	0.3551	0.0947
13	98.9574	0.0263	0.0764	0.2382	0.4675	0.1916	0.2986	0.3626	0.1368	0.1653	0.0367
14	98.3293	0.0043	0.0259	0.161	0	0.4702	0.2976	0.0409	0.075	0.4753	0.3062	0	0.0775	0.0543	0.0116
15	98.0138	0.0017	0.0096	0.0839	0.3761	0.4093	0.0998	0.0197	0.0247	0.1824	0.5409	0.1811	0.0376	0.0237	0.0096
16	98.2233	8e-04	0.0022	0.03	0.2337	0	0.522	0.1562	0.0472	0.0079	0.0142	0.0382	0.3427	0.4747	0	0.0918	0.02	0.0102	0.0081
17	98.7349	8e-04	0.0019	0.0146	0.1152	0.4294	0.2806	0.114	0.0362	0.0072	0.013	0.0234	0.1237	0.5223	0.2209	0.0523	0.0192	0.0136	0.0115
18	99.2174	5e-04	0.0013	0.0066	0.0433	0.2908	0	0.3312	0.218	0.0767	0.0267	0.005	0.0144	0.0207	0.0564	0.2371	0.44	0	0.1507	0.0358	0.016	0.0144	0.0144
19	99.5134	0.001	0.0012	0.0074	0.029	0.145	0.2323	0.2917	0.1843	0.0762	0.0263	0.0055	0.0246	0.0328	0.0639	0.1615	0.2563	0.2441	0.1005	0.0409	0.0246	0.026	0.0246
20	99.6911	0.001	0.0012	0.0048	0.0176	0.0704	0.1449	0	0.2809	0.2453	0.1596	0.0505	0.0192	0.0045	0.0326	0.0347	0.0601	0.0749	0.1659	0.2018	0	0.2124	0.0812	0.0389	0.0326	0.0326	0.0326
21	99.7886	0.0013	0.002	0.0054	0.0189	0.0569	0.1038	0.1384	0.2552	0.2215	0.1327	0.043	0.0166	0.0041	0.0457	0.0457	0.0575	0.0991	0.1287	0.1376	0.0991	0.1258	0.0724	0.0516	0.0457	0.0457	0.0457
