Allele	DPA1_01_03__DPB1_909_01
Version	2.0.2
Type	Standard
n_specificities	1
npep_u	1
npep_t	5000
spec_ids	1
L_core	9
L_N	0
L_C	0
CS_perL	1
pepL_lower	12
pepL_upper	21
n_diff_aa	20

PWM_norm.1	P1	P2	P3	P4	P5	P6	P7	P8	P9
A	0.194	1.5551	1.7974	1.6304	1.0951	5.7727	2.6696	1.3925	1.9124
C	0.0443	0.1682	0.182	0.1168	0.1878	0.4537	0.3046	0.1601	0.2096
D	0.09	0.5213	0.7845	0.4356	0.7446	0.0936	0.4204	0.7925	1.5247
E	0.106	1.3484	0.5054	0.8042	1.0823	0.1311	0.8129	1.5742	1.0119
F	0.8851	1.0912	1.4565	0.3111	0.6712	0.3613	0.6755	0.4296	0.1456
G	0.0785	0.4197	1.4904	0.3582	0.4888	0.9305	0.4203	0.5348	0.4546
H	0.5898	0.5679	0.7004	1.4584	0.5718	0.0666	2.0593	0.9767	2.7424
I	0.3644	1.2759	1.0686	2.2551	1.5879	1.2502	0.7143	0.969	0.3898
K	1.058	1.2543	0.3528	2.317	1.1953	0.0765	1.1419	1.3955	0.1193
L	0.3487	1.3834	0.7627	0.4037	1.5862	0.5763	1.0997	0.7296	0.4582
M	0.2421	0.713	0.6363	0.5399	0.846	0.2694	0.7992	0.6538	0.2898
N	0.133	0.89	0.8505	0.6212	1.0191	0.1127	1.1213	1.1569	5.5783
P	0.0821	0.1275	0.6601	0.8117	0.8894	2.3638	0.3856	0.9531	0.2345
Q	0.3495	0.8251	0.7412	0.6828	1.1022	0.0692	2.3433	1.3025	0.9509
R	12.971	0.9781	0.1809	0.2818	0.5705	0.0508	1.1337	1.3779	0.147
S	0.0968	0.7188	1.1692	1.799	0.5863	0.8759	0.6207	0.9151	2.1509
T	0.1526	1.2653	0.848	1.3941	1.2888	0.6003	0.4675	1.078	0.6641
V	0.234	1.5581	1.7611	1.4833	1.4919	1.7693	1.0211	1.0151	0.733
W	0.1262	0.7123	2.8024	0.3274	0.1695	0.0763	0.5099	0.321	0.0781
Y	0.531	1.5053	2.7491	0.2919	1.2956	0.2466	0.6075	0.8207	0.1488

pepL	alpha	w_s
12	99.5307	0.083	0.1488	0	0.3949	0.3733
13	98.9574	0.0263	0.0764	0.2382	0.4675	0.1916
14	98.3293	0.0043	0.0259	0.161	0	0.4702	0.2976	0.0409
15	98.0138	0.0017	0.0096	0.0839	0.3761	0.4093	0.0998	0.0197
16	98.2233	8e-04	0.0022	0.03	0.2337	0	0.522	0.1562	0.0472	0.0079
17	98.7349	8e-04	0.0019	0.0146	0.1152	0.4294	0.2806	0.114	0.0362	0.0072
18	99.2174	5e-04	0.0013	0.0066	0.0433	0.2908	0	0.3312	0.218	0.0767	0.0267	0.005
19	99.5134	0.001	0.0012	0.0074	0.029	0.145	0.2323	0.2917	0.1843	0.0762	0.0263	0.0055
20	99.6911	0.001	0.0012	0.0048	0.0176	0.0704	0.1449	0	0.2809	0.2453	0.1596	0.0505	0.0192	0.0045
21	99.7886	0.0013	0.002	0.0054	0.0189	0.0569	0.1038	0.1384	0.2552	0.2215	0.1327	0.043	0.0166	0.0041
