Allele	DPA1_02_09__DPB1_106_01
Version	2.0.2
Type	Standard
n_specificities	2
npep_u	0.72	0.28
npep_t	5000	5000
spec_ids	1	-1
L_core	9
L_N	0
L_C	0
CS_perL	1
pepL_lower	12
pepL_upper	21
n_diff_aa	20

PWM_norm.1	P1	P2	P3	P4	P5	P6	P7	P8	P9
A	0.0993	1.5309	1.6308	1.1327	0.9311	0.1569	0.7246	1.5797	1.1495
C	0.0353	0.2313	0.2112	0.1641	0.2371	0.0364	0.1609	0.1389	0.5762
D	0.0659	0.7279	0.8635	0.3778	1.3369	0.0272	0.2583	0.7935	0.5672
E	0.0793	1.1412	0.4814	0.7394	1.0387	0.0441	1.4141	1.3429	0.2976
F	0.4008	1.0776	1.7785	0.5015	0.6884	16.3616	0.3516	0.2908	1.7974
G	0.0556	0.2896	1.0765	0.4721	0.5188	0.061	0.1992	0.6514	0.3498
H	0.0961	0.4051	0.5422	2.7741	1.2322	0.1223	2.7818	0.8404	0.27
I	0.1801	1.2629	1.5775	1.1631	0.7928	0.4832	0.7311	0.7518	2.7924
K	13.1209	1.8103	0.2992	3.2455	1.6911	0.0328	1.8476	1.8179	0.1064
L	0.141	1.5065	0.8125	0.5274	1.089	0.9869	1.621	0.5239	1.8997
M	0.1273	0.8577	0.5726	0.4948	0.6693	0.7659	0.4305	0.385	1.6936
N	0.0996	0.785	1.0208	1.0135	1.2932	0.078	1.8641	1.4395	0.5741
P	0.0427	0.0744	0.5164	0.5663	1.0639	0.1306	0.1215	1.2149	0.2222
Q	0.1015	1.127	0.7434	0.9772	1.3376	0.0551	3.7174	1.526	0.2166
R	2.5678	1.0844	0.1341	0.7241	0.9942	0.0288	1.1405	1.2094	0.0989
S	0.055	0.4634	1.1011	1.1988	0.7775	0.096	0.3149	1.3294	0.8086
T	0.0831	0.8737	0.6702	1.2888	1.237	0.1247	0.3391	0.7726	1.4983
V	0.1135	1.4324	2.1295	1.1591	0.7717	0.2423	0.8366	0.588	2.9984
W	0.054	1.2203	2.1086	0.8635	0.312	3.4412	0.3183	0.2336	0.4239
Y	0.3495	1.5985	3.2508	0.5554	1.1472	6.5791	0.4048	0.698	1.0787

PWM_norm.2	P9	P8	P7	P6	P5	P4	P3	P2	P1
A	1.1959	0.8725	0.7332	0.1439	0.9483	1.1134	0.8963	1.8626	0.2495
C	0.6895	0.1874	0.148	0.045	0.2758	0.2925	0.1762	0.3428	0.1093
D	0.5909	1.7178	0.1871	0.0324	1.2715	0.5961	0.3814	0.4139	0.1796
E	0.3433	1.5541	1.3116	0.0423	1.0875	0.4856	0.3179	1.3226	0.2263
F	0.8719	0.8152	0.3302	16.1443	0.6613	0.7217	4.7028	1.0332	0.4908
G	0.527	0.8558	0.1661	0.0645	0.5662	0.2753	0.6653	0.6053	0.1442
H	0.332	1.1378	3.1297	0.1184	1.0362	4.9464	0.4377	0.4524	0.1965
I	2.7662	0.7479	0.9116	0.5317	0.902	1.2921	1.0377	1.7328	0.279
K	0.1068	1.2612	1.7195	0.0563	1.793	2.5718	0.316	1.1968	12.3405
L	2.3498	0.8497	1.5596	1.0058	0.9983	0.4249	2.0976	1.0928	0.239
M	1.859	0.4421	0.302	0.8672	0.7792	0.9525	0.6443	0.6215	0.2414
N	0.7502	1.1652	1.718	0.0731	1.2945	2.6196	0.4774	0.8078	0.3388
P	0.2398	0.4672	0.1762	0.0987	1.0295	0.1813	0.3139	0.6088	0.0968
Q	0.3096	2.1379	3.7447	0.0897	1.2686	0.6963	0.3894	0.9254	0.2411
R	0.1219	0.9632	1.151	0.0414	1.0953	0.6648	0.1912	0.8723	1.6717
S	0.7415	0.8079	0.2774	0.0771	0.7127	0.9469	0.8092	0.8458	0.176
T	1.2042	0.888	0.4347	0.1509	1.2678	0.8393	1.4053	1.0257	0.17
V	2.6595	0.9614	0.9766	0.2721	0.7463	1.2807	1.1007	1.2909	0.1577
W	0.2711	0.6167	0.2748	3.3692	0.3601	0.973	1.6299	0.5406	0.1099
Y	0.8323	0.6794	0.5124	6.5687	1.1807	0.894	3.4519	0.8613	0.4468

pepL	alpha	w_s
12	99.5307	0.083	0.1488	0	0.3949	0.3733	0.3191	0.2311	0	0.3551	0.0947
13	98.9574	0.0263	0.0764	0.2382	0.4675	0.1916	0.2986	0.3626	0.1368	0.1653	0.0367
14	98.3293	0.0043	0.0259	0.161	0	0.4702	0.2976	0.0409	0.075	0.4753	0.3062	0	0.0775	0.0543	0.0116
15	98.0138	0.0017	0.0096	0.0839	0.3761	0.4093	0.0998	0.0197	0.0247	0.1824	0.5409	0.1811	0.0376	0.0237	0.0096
16	98.2233	8e-04	0.0022	0.03	0.2337	0	0.522	0.1562	0.0472	0.0079	0.0142	0.0382	0.3427	0.4747	0	0.0918	0.02	0.0102	0.0081
17	98.7349	8e-04	0.0019	0.0146	0.1152	0.4294	0.2806	0.114	0.0362	0.0072	0.013	0.0234	0.1237	0.5223	0.2209	0.0523	0.0192	0.0136	0.0115
18	99.2174	5e-04	0.0013	0.0066	0.0433	0.2908	0	0.3312	0.218	0.0767	0.0267	0.005	0.0144	0.0207	0.0564	0.2371	0.44	0	0.1507	0.0358	0.016	0.0144	0.0144
19	99.5134	0.001	0.0012	0.0074	0.029	0.145	0.2323	0.2917	0.1843	0.0762	0.0263	0.0055	0.0246	0.0328	0.0639	0.1615	0.2563	0.2441	0.1005	0.0409	0.0246	0.026	0.0246
20	99.6911	0.001	0.0012	0.0048	0.0176	0.0704	0.1449	0	0.2809	0.2453	0.1596	0.0505	0.0192	0.0045	0.0326	0.0347	0.0601	0.0749	0.1659	0.2018	0	0.2124	0.0812	0.0389	0.0326	0.0326	0.0326
21	99.7886	0.0013	0.002	0.0054	0.0189	0.0569	0.1038	0.1384	0.2552	0.2215	0.1327	0.043	0.0166	0.0041	0.0457	0.0457	0.0575	0.0991	0.1287	0.1376	0.0991	0.1258	0.0724	0.0516	0.0457	0.0457	0.0457
