Allele	DPA1_04_02__DPB1_881_01
Version	2.0.2
Type	Standard
n_specificities	1
npep_u	1
npep_t	5000
spec_ids	1
L_core	9
L_N	0
L_C	0
CS_perL	1
pepL_lower	12
pepL_upper	21
n_diff_aa	20

PWM_norm.1	P1	P2	P3	P4	P5	P6	P7	P8	P9
A	0.1462	1.3793	1.616	0.9002	0.9702	0.182	1.3568	1.3021	1.3361
C	0.0609	0.1717	0.1949	0.1557	0.2154	0.0383	0.2475	0.2073	1.0024
D	0.0389	0.9514	0.9515	1.3896	1.3515	0.0272	0.385	0.7502	0.426
E	0.0711	1.3606	0.3797	3.8746	1.0819	0.0442	2.161	1.3454	0.2872
F	7.7659	0.8984	1.8315	0.191	0.661	17.0721	0.2284	0.5287	0.8734
G	0.0485	0.4335	1.885	0.4049	0.4902	0.0604	0.5741	0.6615	0.5142
H	0.3007	1.1369	1.1531	0.561	1.2079	0.1414	0.6638	1.1905	0.3586
I	2.8745	1.4521	0.59	0.8806	0.8291	0.4714	0.9051	0.9921	2.4686
K	0.0362	1.0362	0.3403	0.2972	1.6289	0.0289	0.7369	1.3714	0.1439
L	2.5627	0.9969	0.4456	0.372	1.2137	0.7763	2.2579	0.7855	1.7944
M	1.7178	0.8051	0.6533	0.3073	0.7041	0.6799	0.7296	0.7119	1.3533
N	0.0938	0.7417	0.88	0.7961	1.2062	0.1169	1.7802	1.1171	1.0901
P	0.0334	0.067	0.4423	0.1921	0.9618	0.1443	0.2402	1.0622	0.1968
Q	0.1625	1.1665	0.7395	0.7306	1.4046	0.0666	1.3776	1.2561	0.3626
R	0.0724	1.0597	0.2617	0.1286	0.9716	0.0252	0.4149	1.369	0.1915
S	0.05	0.7984	1.441	1.4569	0.7646	0.1196	0.7141	0.8595	0.9365
T	0.0934	1.0391	0.7827	2.7719	1.0787	0.1303	0.536	1.0352	1.4037
V	0.8828	1.7257	1.3105	1.318	0.8593	0.2637	1.2942	1.0097	3.098
W	3.4531	1.5797	3.458	0.166	0.2859	3.2465	0.1352	0.4437	0.2473
Y	5.9798	1.3422	3.6269	0.1363	1.1017	6.2738	0.2363	0.943	0.935

pepL	alpha	w_s
12	99.5307	0.083	0.1488	0	0.3949	0.3733
13	98.9574	0.0263	0.0764	0.2382	0.4675	0.1916
14	98.3293	0.0043	0.0259	0.161	0	0.4702	0.2976	0.0409
15	98.0138	0.0017	0.0096	0.0839	0.3761	0.4093	0.0998	0.0197
16	98.2233	8e-04	0.0022	0.03	0.2337	0	0.522	0.1562	0.0472	0.0079
17	98.7349	8e-04	0.0019	0.0146	0.1152	0.4294	0.2806	0.114	0.0362	0.0072
18	99.2174	5e-04	0.0013	0.0066	0.0433	0.2908	0	0.3312	0.218	0.0767	0.0267	0.005
19	99.5134	0.001	0.0012	0.0074	0.029	0.145	0.2323	0.2917	0.1843	0.0762	0.0263	0.0055
20	99.6911	0.001	0.0012	0.0048	0.0176	0.0704	0.1449	0	0.2809	0.2453	0.1596	0.0505	0.0192	0.0045
21	99.7886	0.0013	0.002	0.0054	0.0189	0.0569	0.1038	0.1384	0.2552	0.2215	0.1327	0.043	0.0166	0.0041
