Allele	DPA1_04_01__DPB1_76_01
Version	2.0.2
Type	Standard
n_specificities	2
npep_u	0.982	0.018
npep_t	5000	5000
spec_ids	1	-1
L_core	9
L_N	0
L_C	0
CS_perL	1
pepL_lower	12
pepL_upper	21
n_diff_aa	20

PWM_norm.1	P1	P2	P3	P4	P5	P6	P7	P8	P9
A	0.194	1.5551	1.7974	1.2011	1.4491	5.8452	4.285	1.3021	1.0237
C	0.0443	0.1682	0.182	0.1051	0.151	0.5285	0.3042	0.2073	0.5658
D	0.09	0.5213	0.7845	1.4831	0.8357	0.1195	0.5146	0.7502	0.2231
E	0.106	1.3484	0.5054	2.552	0.9909	0.1409	1.2707	1.3454	0.194
F	0.8851	1.0912	1.4565	0.1196	0.6954	0.4515	0.4767	0.5287	0.3889
G	0.0785	0.4197	1.4904	0.3438	0.3951	0.7695	0.7121	0.6615	0.2516
H	0.5898	0.5679	0.7004	0.2506	0.4889	0.0885	0.2782	1.1905	0.1322
I	0.3644	1.2759	1.0686	2.4405	1.4578	1.1206	0.7985	0.9921	3.3461
K	1.058	1.2543	0.3528	0.1371	1.1945	0.0581	0.2822	1.3714	0.0844
L	0.3487	1.3834	0.7627	0.3165	1.6481	0.2821	1.4223	0.7855	3.3486
M	0.2421	0.713	0.6363	0.3465	0.9201	0.2045	1.0021	0.7119	0.9255
N	0.133	0.89	0.8505	0.4437	0.8834	0.15	0.7026	1.1171	0.4674
P	0.0821	0.1275	0.6601	0.8947	1.0396	1.9518	0.3507	1.0622	0.0876
Q	0.3495	0.8251	0.7412	0.3323	0.9483	0.0656	0.8023	1.2561	0.333
R	12.971	0.9781	0.1809	0.0552	0.7424	0.0428	0.3647	1.369	0.0955
S	0.0968	0.7188	1.1692	1.7829	0.5924	0.946	0.7621	0.8595	0.4854
T	0.1526	1.2653	0.848	2.385	0.9774	0.6265	0.6059	1.0352	0.7319
V	0.234	1.5581	1.7611	1.6474	1.4308	2.6532	1.3347	1.0097	3.664
W	0.1262	0.7123	2.8024	0.0606	0.2062	0.0612	0.1357	0.4437	0.0836
Y	0.531	1.5053	2.7491	0.0749	1.165	0.2521	0.4293	0.943	0.489

PWM_norm.2	P9	P8	P7	P6	P5	P4	P3	P2	P1
A	0.831	1.2591	4.1291	5.6379	1.266	1.8472	1.3948	1.6924	0.391
C	0.5112	0.2692	0.2815	0.5518	0.1433	0.3248	0.3664	0.4125	0.0595
D	0.4975	0.8178	0.4225	0.1611	0.7677	1.2259	0.633	0.3819	0.1189
E	0.3539	1.2926	1.0127	0.1598	0.9925	1.8114	0.6953	1.3484	0.1844
F	0.7057	0.6196	0.3566	1.1021	0.692	0.2358	1.7482	0.9739	0.5186
G	0.2972	0.6344	0.5637	0.8568	0.432	0.2945	0.7887	0.6484	0.0848
H	0.2049	1.3217	0.3136	0.213	0.5409	0.4374	0.802	0.4828	0.3995
I	3.6551	0.9335	0.8189	1.0521	1.6214	2.2899	1.1164	1.5687	0.2209
K	0.1347	1.3791	0.2704	0.1275	1.3886	0.18	0.6695	1.3138	0.6142
L	3.3916	0.7742	1.2191	0.4682	1.5827	0.4875	1.333	0.9507	0.2813
M	1.5423	0.8225	1.0244	0.2493	0.9124	1.0336	0.9433	0.5475	0.2103
N	0.4442	1.0565	0.5197	0.3364	0.8299	1.2008	0.789	0.8469	0.1433
P	0.1849	0.9822	1.2312	1.0886	1.0258	0.7087	0.6135	0.728	0.0621
Q	0.2621	1.3711	0.6186	0.1225	0.932	0.3511	0.743	0.9137	0.2396
R	0.1209	1.3433	0.3344	0.0973	0.7901	0.109	0.408	0.999	13.9761
S	0.3539	0.82	0.7528	0.9262	0.5538	1.3092	0.8861	0.9711	0.0881
T	0.683	1.0576	0.8643	0.9954	1.0023	1.9488	1.084	1.0493	0.1076
V	2.7348	1.0438	1.5986	2.2395	1.4825	2.0456	1.3097	1.2484	0.1617
W	0.1972	0.5022	0.1969	0.1863	0.2546	0.1281	3.1755	0.4877	0.1105
Y	0.6608	0.9668	0.3599	0.4492	1.156	0.1538	2.4767	0.8721	0.2538

pepL	alpha	w_s
12	99.5307	0.083	0.1488	0	0.3949	0.3733	0.3191	0.2311	0	0.3551	0.0947
13	98.9574	0.0263	0.0764	0.2382	0.4675	0.1916	0.2986	0.3626	0.1368	0.1653	0.0367
14	98.3293	0.0043	0.0259	0.161	0	0.4702	0.2976	0.0409	0.075	0.4753	0.3062	0	0.0775	0.0543	0.0116
15	98.0138	0.0017	0.0096	0.0839	0.3761	0.4093	0.0998	0.0197	0.0247	0.1824	0.5409	0.1811	0.0376	0.0237	0.0096
16	98.2233	8e-04	0.0022	0.03	0.2337	0	0.522	0.1562	0.0472	0.0079	0.0142	0.0382	0.3427	0.4747	0	0.0918	0.02	0.0102	0.0081
17	98.7349	8e-04	0.0019	0.0146	0.1152	0.4294	0.2806	0.114	0.0362	0.0072	0.013	0.0234	0.1237	0.5223	0.2209	0.0523	0.0192	0.0136	0.0115
18	99.2174	5e-04	0.0013	0.0066	0.0433	0.2908	0	0.3312	0.218	0.0767	0.0267	0.005	0.0144	0.0207	0.0564	0.2371	0.44	0	0.1507	0.0358	0.016	0.0144	0.0144
19	99.5134	0.001	0.0012	0.0074	0.029	0.145	0.2323	0.2917	0.1843	0.0762	0.0263	0.0055	0.0246	0.0328	0.0639	0.1615	0.2563	0.2441	0.1005	0.0409	0.0246	0.026	0.0246
20	99.6911	0.001	0.0012	0.0048	0.0176	0.0704	0.1449	0	0.2809	0.2453	0.1596	0.0505	0.0192	0.0045	0.0326	0.0347	0.0601	0.0749	0.1659	0.2018	0	0.2124	0.0812	0.0389	0.0326	0.0326	0.0326
21	99.7886	0.0013	0.002	0.0054	0.0189	0.0569	0.1038	0.1384	0.2552	0.2215	0.1327	0.043	0.0166	0.0041	0.0457	0.0457	0.0575	0.0991	0.1287	0.1376	0.0991	0.1258	0.0724	0.0516	0.0457	0.0457	0.0457
