Allele	DPA1_02_02__DPB1_18_01
Version	2.0.2
Type	Standard
n_specificities	2
npep_u	0.971	0.029
npep_t	5000	5000
spec_ids	1	-1
L_core	9
L_N	0
L_C	0
CS_perL	1
pepL_lower	12
pepL_upper	21
n_diff_aa	20

PWM_norm.1	P1	P2	P3	P4	P5	P6	P7	P8	P9
A	0.3152	1.3793	1.616	1.1784	0.9702	1.397	1.3568	1.3925	1.9124
C	0.1083	0.1717	0.1949	0.1336	0.2154	0.3384	0.2475	0.1601	0.2096
D	0.0734	0.9514	0.9515	1.7103	1.3515	0.1923	0.385	0.7925	1.5247
E	0.0813	1.3606	0.3797	4.4238	1.0819	0.3631	2.161	1.5742	1.0119
F	2.3717	0.8984	1.8315	0.1457	0.661	1.2759	0.2284	0.4296	0.1456
G	0.0987	0.4335	1.885	0.3859	0.4902	0.2131	0.5741	0.5348	0.4546
H	0.1178	1.1369	1.1531	0.4616	1.2079	0.28	0.6638	0.9767	2.7424
I	5.7382	1.4521	0.59	0.875	0.8291	3.1418	0.9051	0.969	0.3898
K	0.7624	1.0362	0.3403	0.1517	1.6289	0.1006	0.7369	1.3955	0.1193
L	3.0044	0.9969	0.4456	0.3001	1.2137	2.6172	2.2579	0.7296	0.4582
M	2.5677	0.8051	0.6533	0.257	0.7041	3.3612	0.7296	0.6538	0.2898
N	0.1187	0.7417	0.88	0.8904	1.2062	0.2437	1.7802	1.1569	5.5783
P	0.1464	0.067	0.4423	0.1445	0.9618	0.626	0.2402	0.9531	0.2345
Q	0.132	1.1665	0.7395	0.7165	1.4046	0.4156	1.3776	1.3025	0.9509
R	0.1874	1.0597	0.2617	0.0791	0.9716	0.0763	0.4149	1.3779	0.147
S	0.0734	0.7984	1.441	1.4746	0.7646	0.4097	0.7141	0.9151	2.1509
T	0.2218	1.0391	0.7827	2.0688	1.0787	0.4774	0.536	1.078	0.6641
V	2.4211	1.7257	1.3105	1.1449	0.8593	2.6593	1.2942	1.0151	0.733
W	0.4895	1.5797	3.458	0.1398	0.2859	0.3645	0.1352	0.321	0.0781
Y	1.0492	1.3422	3.6269	0.0964	1.1017	0.8874	0.2363	0.8207	0.1488

PWM_norm.2	P9	P8	P7	P6	P5	P4	P3	P2	P1
A	2.0791	1.337	1.5072	0.3785	1.079	1.2082	1.4726	1.3614	0.262
C	0.1444	0.2601	0.2631	0.0904	0.2244	0.2823	0.2049	0.2633	0.107
D	1.3968	0.9792	0.3524	0.1723	1.2048	1.8441	0.9576	0.9222	0.0935
E	0.9168	1.5111	1.6897	0.1764	1.1791	2.0602	0.4246	1.3381	0.1023
F	0.1076	0.54	0.4056	0.8952	0.6455	0.6821	1.8604	0.8855	2.4905
G	0.4293	0.4876	0.3426	0.1372	0.5814	0.5129	1.7817	0.5249	0.1264
H	2.936	1.1171	0.7185	0.2967	1.0682	0.6641	1.2732	1.2091	0.1359
I	0.3191	0.8592	1.1995	1.9207	0.9752	1.0667	0.5641	1.4327	5.7222
K	0.1003	1.4441	0.694	0.1864	1.7431	0.2496	0.3821	0.9811	0.5713
L	0.3649	0.6872	1.8871	5.3551	1.068	0.3993	0.4925	0.9685	3.1793
M	0.222	0.7705	0.539	3.199	0.831	0.7566	0.6847	0.8682	2.6081
N	5.7949	1.115	1.2212	0.27	1.2212	2.1297	0.8457	0.7812	0.1273
P	0.2168	0.7475	0.6987	0.3189	0.8748	0.4741	0.4175	0.1401	0.1621
Q	0.9162	1.5271	1.1546	1.6034	1.3514	0.9377	0.8067	1.1622	0.1563
R	0.1327	1.3655	0.3802	0.0927	1.0666	0.1656	0.2851	1.0204	0.0805
S	2.4037	0.8577	0.5908	0.1818	0.6658	1.1589	1.3836	0.8522	0.0969
T	0.6571	1.1247	1.138	0.4025	1.1716	2.2005	0.8634	1.0539	0.2312
V	0.595	1.0785	1.9484	0.8892	0.7933	1.4491	1.3074	1.5842	2.2208
W	0.06	0.3532	0.1934	0.131	0.3095	0.3683	3.3624	1.5304	0.6341
Y	0.1173	0.7747	0.3817	0.2747	1.0342	0.4301	3.7132	1.3619	1.0396

pepL	alpha	w_s
12	99.5307	0.083	0.1488	0	0.3949	0.3733	0.3191	0.2311	0	0.3551	0.0947
13	98.9574	0.0263	0.0764	0.2382	0.4675	0.1916	0.2986	0.3626	0.1368	0.1653	0.0367
14	98.3293	0.0043	0.0259	0.161	0	0.4702	0.2976	0.0409	0.075	0.4753	0.3062	0	0.0775	0.0543	0.0116
15	98.0138	0.0017	0.0096	0.0839	0.3761	0.4093	0.0998	0.0197	0.0247	0.1824	0.5409	0.1811	0.0376	0.0237	0.0096
16	98.2233	8e-04	0.0022	0.03	0.2337	0	0.522	0.1562	0.0472	0.0079	0.0142	0.0382	0.3427	0.4747	0	0.0918	0.02	0.0102	0.0081
17	98.7349	8e-04	0.0019	0.0146	0.1152	0.4294	0.2806	0.114	0.0362	0.0072	0.013	0.0234	0.1237	0.5223	0.2209	0.0523	0.0192	0.0136	0.0115
18	99.2174	5e-04	0.0013	0.0066	0.0433	0.2908	0	0.3312	0.218	0.0767	0.0267	0.005	0.0144	0.0207	0.0564	0.2371	0.44	0	0.1507	0.0358	0.016	0.0144	0.0144
19	99.5134	0.001	0.0012	0.0074	0.029	0.145	0.2323	0.2917	0.1843	0.0762	0.0263	0.0055	0.0246	0.0328	0.0639	0.1615	0.2563	0.2441	0.1005	0.0409	0.0246	0.026	0.0246
20	99.6911	0.001	0.0012	0.0048	0.0176	0.0704	0.1449	0	0.2809	0.2453	0.1596	0.0505	0.0192	0.0045	0.0326	0.0347	0.0601	0.0749	0.1659	0.2018	0	0.2124	0.0812	0.0389	0.0326	0.0326	0.0326
21	99.7886	0.0013	0.002	0.0054	0.0189	0.0569	0.1038	0.1384	0.2552	0.2215	0.1327	0.043	0.0166	0.0041	0.0457	0.0457	0.0575	0.0991	0.1287	0.1376	0.0991	0.1258	0.0724	0.0516	0.0457	0.0457	0.0457
