Allele	DPA1_02_08__DPB1_35_01
Version	2.0.2
Type	Standard
n_specificities	2
npep_u	0.829	0.171
npep_t	5000	5000
spec_ids	1	-1
L_core	9
L_N	0
L_C	0
CS_perL	1
pepL_lower	12
pepL_upper	21
n_diff_aa	20

PWM_norm.1	P1	P2	P3	P4	P5	P6	P7	P8	P9
A	0.0993	1.5551	1.7974	1.2011	1.4491	5.8452	2.0159	1.3925	0.9038
C	0.0353	0.1682	0.182	0.1051	0.151	0.5285	0.3825	0.1601	0.4524
D	0.0659	0.5213	0.7845	1.4831	0.8357	0.1195	0.5728	0.7925	0.1528
E	0.0793	1.3484	0.5054	2.552	0.9909	0.1409	1.6652	1.5742	0.201
F	0.4008	1.0912	1.4565	0.1196	0.6954	0.4515	0.5817	0.4296	0.2048
G	0.0556	0.4197	1.4904	0.3438	0.3951	0.7695	0.63	0.5348	0.1079
H	0.0961	0.5679	0.7004	0.2506	0.4889	0.0885	0.7222	0.9767	0.0856
I	0.1801	1.2759	1.0686	2.4405	1.4578	1.1206	0.9691	0.969	3.0932
K	13.1209	1.2543	0.3528	0.1371	1.1945	0.0581	0.7043	1.3955	0.0474
L	0.141	1.3834	0.7627	0.3165	1.6481	0.2821	1.6526	0.7296	4.0145
M	0.1273	0.713	0.6363	0.3465	0.9201	0.2045	1.0785	0.6538	0.9454
N	0.0996	0.89	0.8505	0.4437	0.8834	0.15	1.3033	1.1569	0.2979
P	0.0427	0.1275	0.6601	0.8947	1.0396	1.9518	0.386	0.9531	0.0579
Q	0.1015	0.8251	0.7412	0.3323	0.9483	0.0656	1.3972	1.3025	0.2304
R	2.5678	0.9781	0.1809	0.0552	0.7424	0.0428	0.5977	1.3779	0.0544
S	0.055	0.7188	1.1692	1.7829	0.5924	0.946	0.6549	0.9151	0.4535
T	0.0831	1.2653	0.848	2.385	0.9774	0.6265	0.5922	1.078	0.7986
V	0.1135	1.5581	1.7611	1.6474	1.4308	2.6532	1.2885	1.0151	3.6899
W	0.054	0.7123	2.8024	0.0606	0.2062	0.0612	0.3287	0.321	0.0579
Y	0.3495	1.5053	2.7491	0.0749	1.165	0.2521	0.5393	0.8207	0.145

PWM_norm.2	P9	P8	P7	P6	P5	P4	P3	P2	P1
A	0.7759	1.337	2.4546	5.6379	1.266	1.8472	1.3948	1.6924	0.2495
C	0.4076	0.2601	0.4187	0.5518	0.1433	0.3248	0.3664	0.4125	0.1093
D	0.4173	0.9792	0.3581	0.1611	0.7677	1.2259	0.633	0.3819	0.1796
E	0.4203	1.5111	1.1587	0.1598	0.9925	1.8114	0.6953	1.3484	0.2263
F	0.4425	0.54	0.3809	1.1021	0.692	0.2358	1.7482	0.9739	0.4908
G	0.2129	0.4876	0.4297	0.8568	0.432	0.2945	0.7887	0.6484	0.1442
H	0.1718	1.1171	0.6215	0.213	0.5409	0.4374	0.802	0.4828	0.1965
I	3.8302	0.8592	1.2633	1.0521	1.6214	2.2899	1.1164	1.5687	0.279
K	0.1154	1.4441	0.555	0.1275	1.3886	0.18	0.6695	1.3138	12.3405
L	3.9012	0.6872	1.3341	0.4682	1.5827	0.4875	1.333	0.9507	0.239
M	1.8098	0.7705	0.855	0.2493	0.9124	1.0336	0.9433	0.5475	0.2414
N	0.4126	1.115	0.6794	0.3364	0.8299	1.2008	0.789	0.8469	0.3388
P	0.1917	0.7475	1.2026	1.0886	1.0258	0.7087	0.6135	0.728	0.0968
Q	0.2119	1.5271	0.7246	0.1225	0.932	0.3511	0.743	0.9137	0.2411
R	0.0981	1.3655	0.4847	0.0973	0.7901	0.109	0.408	0.999	1.6717
S	0.3704	0.8577	0.58	0.9262	0.5538	1.3092	0.8861	0.9711	0.176
T	0.7035	1.1247	1.2293	0.9954	1.0023	1.9488	1.084	1.0493	0.17
V	2.272	1.0785	2.218	2.2395	1.4825	2.0456	1.3097	1.2484	0.1577
W	0.1488	0.3532	0.2799	0.1863	0.2546	0.1281	3.1755	0.4877	0.1099
Y	0.2294	0.7747	0.3994	0.4492	1.156	0.1538	2.4767	0.8721	0.4468

pepL	alpha	w_s
12	99.5307	0.083	0.1488	0	0.3949	0.3733	0.3191	0.2311	0	0.3551	0.0947
13	98.9574	0.0263	0.0764	0.2382	0.4675	0.1916	0.2986	0.3626	0.1368	0.1653	0.0367
14	98.3293	0.0043	0.0259	0.161	0	0.4702	0.2976	0.0409	0.075	0.4753	0.3062	0	0.0775	0.0543	0.0116
15	98.0138	0.0017	0.0096	0.0839	0.3761	0.4093	0.0998	0.0197	0.0247	0.1824	0.5409	0.1811	0.0376	0.0237	0.0096
16	98.2233	8e-04	0.0022	0.03	0.2337	0	0.522	0.1562	0.0472	0.0079	0.0142	0.0382	0.3427	0.4747	0	0.0918	0.02	0.0102	0.0081
17	98.7349	8e-04	0.0019	0.0146	0.1152	0.4294	0.2806	0.114	0.0362	0.0072	0.013	0.0234	0.1237	0.5223	0.2209	0.0523	0.0192	0.0136	0.0115
18	99.2174	5e-04	0.0013	0.0066	0.0433	0.2908	0	0.3312	0.218	0.0767	0.0267	0.005	0.0144	0.0207	0.0564	0.2371	0.44	0	0.1507	0.0358	0.016	0.0144	0.0144
19	99.5134	0.001	0.0012	0.0074	0.029	0.145	0.2323	0.2917	0.1843	0.0762	0.0263	0.0055	0.0246	0.0328	0.0639	0.1615	0.2563	0.2441	0.1005	0.0409	0.0246	0.026	0.0246
20	99.6911	0.001	0.0012	0.0048	0.0176	0.0704	0.1449	0	0.2809	0.2453	0.1596	0.0505	0.0192	0.0045	0.0326	0.0347	0.0601	0.0749	0.1659	0.2018	0	0.2124	0.0812	0.0389	0.0326	0.0326	0.0326
21	99.7886	0.0013	0.002	0.0054	0.0189	0.0569	0.1038	0.1384	0.2552	0.2215	0.1327	0.043	0.0166	0.0041	0.0457	0.0457	0.0575	0.0991	0.1287	0.1376	0.0991	0.1258	0.0724	0.0516	0.0457	0.0457	0.0457
