Allele	DPA1_01_14__DPB1_667_01
Version	2.0.2
Type	Standard
n_specificities	2
npep_u	0.956	0.044
npep_t	5000	5000
spec_ids	1	-1
L_core	9
L_N	0
L_C	0
CS_perL	1
pepL_lower	12
pepL_upper	21
n_diff_aa	20

PWM_norm.1	P1	P2	P3	P4	P5	P6	P7	P8	P9
A	0.194	1.5551	1.7974	1.2311	0.9702	0.7064	1.3568	1.0716	0.2177
C	0.0443	0.1682	0.182	0.2572	0.2154	0.1568	0.2475	0.1676	0.0233
D	0.09	0.5213	0.7845	1.7496	1.3515	0.145	0.385	1.1548	7.5501
E	0.106	1.3484	0.5054	2.1098	1.0819	0.2347	2.161	1.7758	6.8102
F	0.8851	1.0912	1.4565	0.2259	0.661	7.8763	0.2284	0.4391	0.2374
G	0.0785	0.4197	1.4904	0.754	0.4902	0.2226	0.5741	0.5753	0.1741
H	0.5898	0.5679	0.7004	0.6288	1.2079	0.4747	0.6638	0.761	0.5095
I	0.3644	1.2759	1.0686	1.542	0.8291	1.2427	0.9051	0.8166	0.1223
K	1.058	1.2543	0.3528	0.2155	1.6289	0.1115	0.7369	1.3732	0.1036
L	0.3487	1.3834	0.7627	0.4302	1.2137	1.4884	2.2579	0.713	0.1302
M	0.2421	0.713	0.6363	0.4339	0.7041	1.3885	0.7296	0.4992	0.123
N	0.133	0.89	0.8505	1.0134	1.2062	0.4231	1.7802	1.1626	0.2282
P	0.0821	0.1275	0.6601	1.0723	0.9618	0.6671	0.2402	1.0352	0.0682
Q	0.3495	0.8251	0.7412	0.6339	1.4046	0.4224	1.3776	1.2969	0.3615
R	12.971	0.9781	0.1809	0.1188	0.9716	0.0872	0.4149	1.6726	0.0699
S	0.0968	0.7188	1.1692	1.4292	0.7646	0.381	0.7141	0.8561	0.1583
T	0.1526	1.2653	0.848	2.0085	1.0787	0.5156	0.536	0.942	0.1354
V	0.234	1.5581	1.7611	1.4897	0.8593	0.9044	1.2942	0.9172	0.1278
W	0.1262	0.7123	2.8024	0.2401	0.2859	4.4786	0.1352	0.4476	0.0877
Y	0.531	1.5053	2.7491	0.1696	1.1017	4.9053	0.2363	0.8402	0.2264

PWM_norm.2	P9	P8	P7	P6	P5	P4	P3	P2	P1
A	0.3132	1.1425	1.5072	0.5885	1.079	1.379	1.3948	1.6924	0.391
C	0.0731	0.2539	0.2631	0.2181	0.2244	0.5293	0.3664	0.4125	0.0595
D	5.13	1.253	0.3524	0.2126	1.2048	1.6968	0.633	0.3819	0.1189
E	6.9585	1.7733	1.6897	0.3089	1.1791	1.4859	0.6953	1.3484	0.1844
F	0.287	0.7232	0.4056	3.7855	0.6455	0.3657	1.7482	0.9739	0.5186
G	0.422	0.5391	0.3426	0.2116	0.5814	0.4413	0.7887	0.6484	0.0848
H	0.4794	0.8444	0.7185	0.5328	1.0682	0.648	0.802	0.4828	0.3995
I	0.2809	0.7808	1.1995	1.5951	0.9752	1.7124	1.1164	1.5687	0.2209
K	0.3113	1.4237	0.694	0.3888	1.7431	0.33	0.6695	1.3138	0.6142
L	0.164	0.6781	1.8871	3.376	1.068	0.4422	1.333	0.9507	0.2813
M	0.2216	0.6379	0.539	3.2226	0.831	1.0163	0.9433	0.5475	0.2103
N	0.3723	1.1648	1.2212	0.3173	1.2212	2.5215	0.789	0.8469	0.1433
P	0.1561	0.8124	0.6987	0.4959	0.8748	0.7425	0.6135	0.728	0.0621
Q	0.5242	1.3997	1.1546	1.254	1.3514	0.6401	0.743	0.9137	0.2396
R	0.2571	1.4929	0.3802	0.1789	1.0666	0.229	0.408	0.999	13.9761
S	0.257	0.8236	0.5908	0.2859	0.6658	1.1185	0.8861	0.9711	0.0881
T	0.3428	0.9168	1.138	0.4613	1.1716	1.7237	1.084	1.0493	0.1076
V	0.2553	1.0375	1.9484	0.9283	0.7933	1.7298	1.3097	1.2484	0.1617
W	0.1201	0.3715	0.1934	0.9276	0.3095	0.3542	3.1755	0.4877	0.1105
Y	0.2325	0.6407	0.3817	1.3865	1.0342	0.327	2.4767	0.8721	0.2538

pepL	alpha	w_s
12	99.5307	0.083	0.1488	0	0.3949	0.3733	0.3191	0.2311	0	0.3551	0.0947
13	98.9574	0.0263	0.0764	0.2382	0.4675	0.1916	0.2986	0.3626	0.1368	0.1653	0.0367
14	98.3293	0.0043	0.0259	0.161	0	0.4702	0.2976	0.0409	0.075	0.4753	0.3062	0	0.0775	0.0543	0.0116
15	98.0138	0.0017	0.0096	0.0839	0.3761	0.4093	0.0998	0.0197	0.0247	0.1824	0.5409	0.1811	0.0376	0.0237	0.0096
16	98.2233	8e-04	0.0022	0.03	0.2337	0	0.522	0.1562	0.0472	0.0079	0.0142	0.0382	0.3427	0.4747	0	0.0918	0.02	0.0102	0.0081
17	98.7349	8e-04	0.0019	0.0146	0.1152	0.4294	0.2806	0.114	0.0362	0.0072	0.013	0.0234	0.1237	0.5223	0.2209	0.0523	0.0192	0.0136	0.0115
18	99.2174	5e-04	0.0013	0.0066	0.0433	0.2908	0	0.3312	0.218	0.0767	0.0267	0.005	0.0144	0.0207	0.0564	0.2371	0.44	0	0.1507	0.0358	0.016	0.0144	0.0144
19	99.5134	0.001	0.0012	0.0074	0.029	0.145	0.2323	0.2917	0.1843	0.0762	0.0263	0.0055	0.0246	0.0328	0.0639	0.1615	0.2563	0.2441	0.1005	0.0409	0.0246	0.026	0.0246
20	99.6911	0.001	0.0012	0.0048	0.0176	0.0704	0.1449	0	0.2809	0.2453	0.1596	0.0505	0.0192	0.0045	0.0326	0.0347	0.0601	0.0749	0.1659	0.2018	0	0.2124	0.0812	0.0389	0.0326	0.0326	0.0326
21	99.7886	0.0013	0.002	0.0054	0.0189	0.0569	0.1038	0.1384	0.2552	0.2215	0.1327	0.043	0.0166	0.0041	0.0457	0.0457	0.0575	0.0991	0.1287	0.1376	0.0991	0.1258	0.0724	0.0516	0.0457	0.0457	0.0457
