Allele	DPA1_04_02__DPB1_244_01
Version	2.0.2
Type	Standard
n_specificities	2
npep_u	0.973	0.027
npep_t	5000	5000
spec_ids	1	-1
L_core	9
L_N	0
L_C	0
CS_perL	1
pepL_lower	12
pepL_upper	21
n_diff_aa	20

PWM_norm.1	P1	P2	P3	P4	P5	P6	P7	P8	P9
A	0.194	1.3793	1.616	1.0336	1.4491	5.8452	2.0159	1.0727	0.4326
C	0.0443	0.1717	0.1949	0.0856	0.151	0.5285	0.3825	0.1763	0.0993
D	0.09	0.9514	0.9515	1.4817	0.8357	0.1195	0.5728	0.9873	0.2202
E	0.106	1.3606	0.3797	4.4523	0.9909	0.1409	1.6652	1.5134	0.4283
F	0.8851	0.8984	1.8315	0.1209	0.6954	0.4515	0.5817	0.5057	0.6958
G	0.0785	0.4335	1.885	0.2305	0.3951	0.7695	0.63	0.6957	0.0708
H	0.5898	1.1369	1.1531	0.2742	0.4889	0.0885	0.7222	0.9952	0.0535
I	0.3644	1.4521	0.59	1.0088	1.4578	1.1206	0.9691	0.8677	4.4802
K	1.058	1.0362	0.3403	0.1386	1.1945	0.0581	0.7043	1.3882	0.0364
L	0.3487	0.9969	0.4456	0.2724	1.6481	0.2821	1.6526	0.7915	4.6182
M	0.2421	0.8051	0.6533	0.2477	0.9201	0.2045	1.0785	0.5751	1.1592
N	0.133	0.7417	0.88	0.5435	0.8834	0.15	1.3033	1.1008	0.0656
P	0.0821	0.067	0.4423	0.1302	1.0396	1.9518	0.386	1.1143	0.0344
Q	0.3495	1.1665	0.7395	0.5135	0.9483	0.0656	1.3972	1.2358	0.2497
R	12.971	1.0597	0.2617	0.0636	0.7424	0.0428	0.5977	1.5974	0.0563
S	0.0968	0.7984	1.441	1.7364	0.5924	0.946	0.6549	0.8211	0.1109
T	0.1526	1.0391	0.7827	2.698	0.9774	0.6265	0.5922	0.9401	0.3144
V	0.234	1.7257	1.3105	1.1946	1.4308	2.6532	1.2885	0.9462	2.6918
W	0.1262	1.5797	3.458	0.0693	0.2062	0.0612	0.3287	0.4965	0.0966
Y	0.531	1.3422	3.6269	0.0738	1.165	0.2521	0.5393	0.9597	0.3902

PWM_norm.2	P9	P8	P7	P6	P5	P4	P3	P2	P1
A	0.4114	1.1109	2.4546	5.6379	1.266	1.0369	1.4726	1.3614	0.391
C	0.1064	0.2455	0.4187	0.5518	0.1433	0.1283	0.2049	0.2633	0.0595
D	0.5117	1.0331	0.3581	0.1611	0.7677	1.3326	0.9576	0.9222	0.1189
E	0.8204	1.5558	1.1587	0.1598	0.9925	4.1143	0.4246	1.3381	0.1844
F	0.8831	0.7395	0.3809	1.1021	0.692	0.1983	1.8604	0.8855	0.5186
G	0.1125	0.6575	0.4297	0.8568	0.432	0.2693	1.7817	0.5249	0.0848
H	0.087	1.0311	0.6215	0.213	0.5409	0.3414	1.2732	1.2091	0.3995
I	4.5582	0.8368	1.2633	1.0521	1.6214	0.929	0.5641	1.4327	0.2209
K	0.0559	1.4054	0.555	0.1275	1.3886	0.1774	0.3821	0.9811	0.6142
L	4.2476	0.7508	1.3341	0.4682	1.5827	0.3668	0.4925	0.9685	0.2813
M	1.6835	0.7081	0.855	0.2493	0.9124	0.3765	0.6847	0.8682	0.2103
N	0.0849	1.077	0.6794	0.3364	0.8299	0.6164	0.8457	0.7812	0.1433
P	0.088	0.9911	1.2026	1.0886	1.0258	0.2082	0.4175	0.1401	0.0621
Q	0.1969	1.2996	0.7246	0.1225	0.932	0.5917	0.8067	1.1622	0.2396
R	0.0691	1.4758	0.4847	0.0973	0.7901	0.0811	0.2851	1.0204	13.9761
S	0.1049	0.809	0.58	0.9262	0.5538	1.611	1.3836	0.8522	0.0881
T	0.3227	0.9109	1.2293	0.9954	1.0023	2.8125	0.8634	1.0539	0.1076
V	2.1084	1.0119	2.218	2.2395	1.4825	1.2428	1.3074	1.5842	0.1617
W	0.1849	0.4937	0.2799	0.1863	0.2546	0.1029	3.3624	1.5304	0.1105
Y	0.4271	0.8217	0.3994	0.4492	1.156	0.1207	3.7132	1.3619	0.2538

pepL	alpha	w_s
12	99.5307	0.083	0.1488	0	0.3949	0.3733	0.3191	0.2311	0	0.3551	0.0947
13	98.9574	0.0263	0.0764	0.2382	0.4675	0.1916	0.2986	0.3626	0.1368	0.1653	0.0367
14	98.3293	0.0043	0.0259	0.161	0	0.4702	0.2976	0.0409	0.075	0.4753	0.3062	0	0.0775	0.0543	0.0116
15	98.0138	0.0017	0.0096	0.0839	0.3761	0.4093	0.0998	0.0197	0.0247	0.1824	0.5409	0.1811	0.0376	0.0237	0.0096
16	98.2233	8e-04	0.0022	0.03	0.2337	0	0.522	0.1562	0.0472	0.0079	0.0142	0.0382	0.3427	0.4747	0	0.0918	0.02	0.0102	0.0081
17	98.7349	8e-04	0.0019	0.0146	0.1152	0.4294	0.2806	0.114	0.0362	0.0072	0.013	0.0234	0.1237	0.5223	0.2209	0.0523	0.0192	0.0136	0.0115
18	99.2174	5e-04	0.0013	0.0066	0.0433	0.2908	0	0.3312	0.218	0.0767	0.0267	0.005	0.0144	0.0207	0.0564	0.2371	0.44	0	0.1507	0.0358	0.016	0.0144	0.0144
19	99.5134	0.001	0.0012	0.0074	0.029	0.145	0.2323	0.2917	0.1843	0.0762	0.0263	0.0055	0.0246	0.0328	0.0639	0.1615	0.2563	0.2441	0.1005	0.0409	0.0246	0.026	0.0246
20	99.6911	0.001	0.0012	0.0048	0.0176	0.0704	0.1449	0	0.2809	0.2453	0.1596	0.0505	0.0192	0.0045	0.0326	0.0347	0.0601	0.0749	0.1659	0.2018	0	0.2124	0.0812	0.0389	0.0326	0.0326	0.0326
21	99.7886	0.0013	0.002	0.0054	0.0189	0.0569	0.1038	0.1384	0.2552	0.2215	0.1327	0.043	0.0166	0.0041	0.0457	0.0457	0.0575	0.0991	0.1287	0.1376	0.0991	0.1258	0.0724	0.0516	0.0457	0.0457	0.0457
