Allele	DPA1_02_06__DPB1_27_01
Version	2.0.2
Type	Standard
n_specificities	2
npep_u	0.802	0.198
npep_t	5000	5000
spec_ids	1	-1
L_core	9
L_N	0
L_C	0
CS_perL	1
pepL_lower	12
pepL_upper	21
n_diff_aa	20

PWM_norm.1	P1	P2	P3	P4	P5	P6	P7	P8	P9
A	0.0993	1.3793	1.616	1.1882	1.4491	5.8642	2.0159	1.0716	0.2177
C	0.0353	0.1717	0.1949	0.0764	0.151	0.4458	0.3825	0.1676	0.0233
D	0.0659	0.9514	0.9515	1.6586	0.8357	0.0805	0.5728	1.1548	7.5501
E	0.0793	1.3606	0.3797	5.0271	0.9909	0.1516	1.6652	1.7758	6.8102
F	0.4008	0.8984	1.8315	0.0919	0.6954	0.0798	0.5817	0.4391	0.2374
G	0.0556	0.4335	1.885	0.2228	0.3951	0.6629	0.63	0.5753	0.1741
H	0.0961	1.1369	1.1531	0.2316	0.4889	0.0495	0.7222	0.761	0.5095
I	0.1801	1.4521	0.59	0.8958	1.4578	1.6782	0.9691	0.8166	0.1223
K	13.1209	1.0362	0.3403	0.0899	1.1945	0.0494	0.7043	1.3732	0.1036
L	0.141	0.9969	0.4456	0.2174	1.6481	0.6581	1.6526	0.713	0.1302
M	0.1273	0.8051	0.6533	0.2029	0.9201	0.4249	1.0785	0.4992	0.123
N	0.0996	0.7417	0.88	0.6546	0.8834	0.0871	1.3033	1.1626	0.2282
P	0.0427	0.067	0.4423	0.0957	1.0396	2.0955	0.386	1.0352	0.0682
Q	0.1015	1.1665	0.7395	0.5113	0.9483	0.0773	1.3972	1.2969	0.3615
R	2.5678	1.0597	0.2617	0.0485	0.7424	0.0328	0.5977	1.6726	0.0699
S	0.055	0.7984	1.441	1.7157	0.5924	0.7076	0.6549	0.8561	0.1583
T	0.0831	1.0391	0.7827	2.1223	0.9774	0.3884	0.5922	0.942	0.1354
V	0.1135	1.7257	1.3105	1.0135	1.4308	2.4671	1.2885	0.9172	0.1278
W	0.054	1.5797	3.458	0.0568	0.2062	0.0205	0.3287	0.4476	0.0877
Y	0.3495	1.3422	3.6269	0.0552	1.165	0.0662	0.5393	0.8402	0.2264

PWM_norm.2	P9	P8	P7	P6	P5	P4	P3	P2	P1
A	0.3132	1.1425	2.4546	4.5878	1.266	1.4357	1.4726	1.3614	0.2495
C	0.0731	0.2539	0.4187	0.3051	0.1433	0.2391	0.2049	0.2633	0.1093
D	5.13	1.253	0.3581	0.1675	0.7677	1.9462	0.9576	0.9222	0.1796
E	6.9585	1.7733	1.1587	0.181	0.9925	2.5223	0.4246	1.3381	0.2263
F	0.287	0.7232	0.3809	0.1573	0.692	0.542	1.8604	0.8855	0.4908
G	0.422	0.5391	0.4297	0.8502	0.432	0.4191	1.7817	0.5249	0.1442
H	0.4794	0.8444	0.6215	0.1425	0.5409	0.5062	1.2732	1.2091	0.1965
I	0.2809	0.7808	1.2633	1.5565	1.6214	1.0387	0.5641	1.4327	0.279
K	0.3113	1.4237	0.555	0.0886	1.3886	0.1502	0.3821	0.9811	12.3405
L	0.164	0.6781	1.3341	0.9468	1.5827	0.3805	0.4925	0.9685	0.239
M	0.2216	0.6379	0.855	0.3473	0.9124	0.6958	0.6847	0.8682	0.2414
N	0.3723	1.1648	0.6794	0.271	0.8299	1.5921	0.8457	0.7812	0.3388
P	0.1561	0.8124	1.2026	2.4928	1.0258	0.3943	0.4175	0.1401	0.0968
Q	0.5242	1.3997	0.7246	0.2588	0.932	0.7617	0.8067	1.1622	0.2411
R	0.2571	1.4929	0.4847	0.0556	0.7901	0.0948	0.2851	1.0204	1.6717
S	0.257	0.8236	0.58	0.841	0.5538	1.371	1.3836	0.8522	0.176
T	0.3428	0.9168	1.2293	0.7614	1.0023	2.2981	0.8634	1.0539	0.17
V	0.2553	1.0375	2.218	1.9766	1.4825	1.3335	1.3074	1.5842	0.1577
W	0.1201	0.3715	0.2799	0.0292	0.2546	0.1984	3.3624	1.5304	0.1099
Y	0.2325	0.6407	0.3994	0.0767	1.156	0.2382	3.7132	1.3619	0.4468

pepL	alpha	w_s
12	99.5307	0.083	0.1488	0	0.3949	0.3733	0.3191	0.2311	0	0.3551	0.0947
13	98.9574	0.0263	0.0764	0.2382	0.4675	0.1916	0.2986	0.3626	0.1368	0.1653	0.0367
14	98.3293	0.0043	0.0259	0.161	0	0.4702	0.2976	0.0409	0.075	0.4753	0.3062	0	0.0775	0.0543	0.0116
15	98.0138	0.0017	0.0096	0.0839	0.3761	0.4093	0.0998	0.0197	0.0247	0.1824	0.5409	0.1811	0.0376	0.0237	0.0096
16	98.2233	8e-04	0.0022	0.03	0.2337	0	0.522	0.1562	0.0472	0.0079	0.0142	0.0382	0.3427	0.4747	0	0.0918	0.02	0.0102	0.0081
17	98.7349	8e-04	0.0019	0.0146	0.1152	0.4294	0.2806	0.114	0.0362	0.0072	0.013	0.0234	0.1237	0.5223	0.2209	0.0523	0.0192	0.0136	0.0115
18	99.2174	5e-04	0.0013	0.0066	0.0433	0.2908	0	0.3312	0.218	0.0767	0.0267	0.005	0.0144	0.0207	0.0564	0.2371	0.44	0	0.1507	0.0358	0.016	0.0144	0.0144
19	99.5134	0.001	0.0012	0.0074	0.029	0.145	0.2323	0.2917	0.1843	0.0762	0.0263	0.0055	0.0246	0.0328	0.0639	0.1615	0.2563	0.2441	0.1005	0.0409	0.0246	0.026	0.0246
20	99.6911	0.001	0.0012	0.0048	0.0176	0.0704	0.1449	0	0.2809	0.2453	0.1596	0.0505	0.0192	0.0045	0.0326	0.0347	0.0601	0.0749	0.1659	0.2018	0	0.2124	0.0812	0.0389	0.0326	0.0326	0.0326
21	99.7886	0.0013	0.002	0.0054	0.0189	0.0569	0.1038	0.1384	0.2552	0.2215	0.1327	0.043	0.0166	0.0041	0.0457	0.0457	0.0575	0.0991	0.1287	0.1376	0.0991	0.1258	0.0724	0.0516	0.0457	0.0457	0.0457
