Allele	DPA1_02_09__DPB1_649_01
Version	2.0.2
Type	Standard
n_specificities	2
npep_u	0.923	0.077
npep_t	5000	5000
spec_ids	1	-1
L_core	9
L_N	0
L_C	0
CS_perL	1
pepL_lower	12
pepL_upper	21
n_diff_aa	20

PWM_norm.1	P1	P2	P3	P4	P5	P6	P7	P8	P9
A	0.0993	1.3793	1.616	1.0168	1.1684	5.6806	2.8011	1.0716	0.2352
C	0.0353	0.1717	0.1949	0.1612	0.1184	0.388	0.1627	0.1676	0.0234
D	0.0659	0.9514	0.9515	0.283	0.835	0.0929	0.3407	1.1548	7.5425
E	0.0793	1.3606	0.3797	1.7626	1.2505	0.1475	1.6912	1.7758	6.7132
F	0.4008	0.8984	1.8315	0.3715	0.5144	0.3064	0.4126	0.4391	0.2679
G	0.0556	0.4335	1.885	0.1624	0.3026	1.237	0.6931	0.5753	0.1686
H	0.0961	1.1369	1.1531	0.2432	0.6999	0.0986	0.4672	0.761	0.5583
I	0.1801	1.4521	0.59	2.7875	1.2846	0.9852	1.0797	0.8166	0.1182
K	13.1209	1.0362	0.3403	0.4482	1.435	0.0897	0.4751	1.3732	0.0989
L	0.141	0.9969	0.4456	2.8933	1.5361	0.4085	1.8963	0.713	0.1341
M	0.1273	0.8051	0.6533	0.9838	0.621	0.2412	1.704	0.4992	0.1246
N	0.0996	0.7417	0.88	0.322	1.0669	0.1772	0.8839	1.1626	0.2366
P	0.0427	0.067	0.4423	0.1107	0.9045	2.5513	0.2739	1.0352	0.0694
Q	0.1015	1.1665	0.7395	0.4038	1.0271	0.0966	1.369	1.2969	0.369
R	2.5678	1.0597	0.2617	0.126	0.9334	0.0613	0.3247	1.6726	0.0698
S	0.055	0.7984	1.441	0.7255	0.6497	1.0695	0.5097	0.8561	0.171
T	0.0831	1.0391	0.7827	1.218	0.9158	0.5903	0.4032	0.942	0.1417
V	0.1135	1.7257	1.3105	2.0328	1.6524	1.5196	1.3906	0.9172	0.1314
W	0.054	1.5797	3.458	0.1616	0.122	0.0659	0.1302	0.4476	0.0949
Y	0.3495	1.3422	3.6269	0.2147	0.9081	0.2093	0.4128	0.8402	0.2928

PWM_norm.2	P9	P8	P7	P6	P5	P4	P3	P2	P1
A	0.3257	1.1425	2.5852	5.3374	1.1487	0.9214	1.4726	1.3614	0.2495
C	0.0772	0.2539	0.1623	0.4276	0.1225	0.2025	0.2049	0.2633	0.1093
D	5.0443	1.253	0.267	0.108	0.7276	0.2261	0.9576	0.9222	0.1796
E	6.9813	1.7733	1.5723	0.1596	1.2065	1.6361	0.4246	1.3381	0.2263
F	0.2977	0.7232	0.3931	0.42	0.4958	0.5581	1.8604	0.8855	0.4908
G	0.4113	0.5391	0.6883	1.2411	0.3078	0.211	1.7817	0.5249	0.1442
H	0.4879	0.8444	0.6256	0.1418	0.6882	0.3819	1.2732	1.2091	0.1965
I	0.2639	0.7808	1.1447	1.0313	1.3709	2.6788	0.5641	1.4327	0.279
K	0.2918	1.4237	0.5059	0.1241	1.543	0.508	0.3821	0.9811	12.3405
L	0.1735	0.6781	1.819	0.448	1.5519	2.9082	0.4925	0.9685	0.239
M	0.2398	0.6379	1.7756	0.2446	0.6282	1.1278	0.6847	0.8682	0.2414
N	0.376	1.1648	0.8368	0.1721	0.9786	0.3774	0.8457	0.7812	0.3388
P	0.1539	0.8124	0.4964	2.6121	0.9151	0.1512	0.4175	0.1401	0.0968
Q	0.5259	1.3997	1.4416	0.1049	1.009	0.5429	0.8067	1.1622	0.2411
R	0.2677	1.4929	0.3764	0.0888	1.0087	0.198	0.2851	1.0204	1.6717
S	0.262	0.8236	0.5047	0.9813	0.598	0.6817	1.3836	0.8522	0.176
T	0.3429	0.9168	0.4989	0.5979	0.8813	1.1388	0.8634	1.0539	0.17
V	0.2592	1.0375	1.3789	1.6668	1.7161	1.8215	1.3074	1.5842	0.1577
W	0.1293	0.3715	0.1891	0.1018	0.173	0.351	3.3624	1.5304	0.1099
Y	0.2596	0.6407	0.4849	0.211	0.888	0.3658	3.7132	1.3619	0.4468

pepL	alpha	w_s
12	99.5307	0.083	0.1488	0	0.3949	0.3733	0.3191	0.2311	0	0.3551	0.0947
13	98.9574	0.0263	0.0764	0.2382	0.4675	0.1916	0.2986	0.3626	0.1368	0.1653	0.0367
14	98.3293	0.0043	0.0259	0.161	0	0.4702	0.2976	0.0409	0.075	0.4753	0.3062	0	0.0775	0.0543	0.0116
15	98.0138	0.0017	0.0096	0.0839	0.3761	0.4093	0.0998	0.0197	0.0247	0.1824	0.5409	0.1811	0.0376	0.0237	0.0096
16	98.2233	8e-04	0.0022	0.03	0.2337	0	0.522	0.1562	0.0472	0.0079	0.0142	0.0382	0.3427	0.4747	0	0.0918	0.02	0.0102	0.0081
17	98.7349	8e-04	0.0019	0.0146	0.1152	0.4294	0.2806	0.114	0.0362	0.0072	0.013	0.0234	0.1237	0.5223	0.2209	0.0523	0.0192	0.0136	0.0115
18	99.2174	5e-04	0.0013	0.0066	0.0433	0.2908	0	0.3312	0.218	0.0767	0.0267	0.005	0.0144	0.0207	0.0564	0.2371	0.44	0	0.1507	0.0358	0.016	0.0144	0.0144
19	99.5134	0.001	0.0012	0.0074	0.029	0.145	0.2323	0.2917	0.1843	0.0762	0.0263	0.0055	0.0246	0.0328	0.0639	0.1615	0.2563	0.2441	0.1005	0.0409	0.0246	0.026	0.0246
20	99.6911	0.001	0.0012	0.0048	0.0176	0.0704	0.1449	0	0.2809	0.2453	0.1596	0.0505	0.0192	0.0045	0.0326	0.0347	0.0601	0.0749	0.1659	0.2018	0	0.2124	0.0812	0.0389	0.0326	0.0326	0.0326
21	99.7886	0.0013	0.002	0.0054	0.0189	0.0569	0.1038	0.1384	0.2552	0.2215	0.1327	0.043	0.0166	0.0041	0.0457	0.0457	0.0575	0.0991	0.1287	0.1376	0.0991	0.1258	0.0724	0.0516	0.0457	0.0457	0.0457
