Allele	DPA1_03_01__DPB1_127_01
Version	2.0.2
Type	Standard
n_specificities	2
npep_u	0.892	0.108
npep_t	5000	5000
spec_ids	1	-1
L_core	9
L_N	0
L_C	0
CS_perL	1
pepL_lower	12
pepL_upper	21
n_diff_aa	20

PWM_norm.1	P1	P2	P3	P4	P5	P6	P7	P8	P9
A	0.194	1.5551	1.7974	1.4092	0.9702	1.6629	1.3568	1.0716	0.2177
C	0.0443	0.1682	0.182	0.243	0.2154	0.4921	0.2475	0.1676	0.0233
D	0.09	0.5213	0.7845	1.7282	1.3515	0.3601	0.385	1.1548	7.5501
E	0.106	1.3484	0.5054	2.2496	1.0819	0.4442	2.161	1.7758	6.8102
F	0.8851	1.0912	1.4565	0.2082	0.661	1.12	0.2284	0.4391	0.2374
G	0.0785	0.4197	1.4904	0.7824	0.4902	0.3767	0.5741	0.5753	0.1741
H	0.5898	0.5679	0.7004	0.6521	1.2079	0.4885	0.6638	0.761	0.5095
I	0.3644	1.2759	1.0686	1.4619	0.8291	2.7302	0.9051	0.8166	0.1223
K	1.058	1.2543	0.3528	0.159	1.6289	0.165	0.7369	1.3732	0.1036
L	0.3487	1.3834	0.7627	0.3584	1.2137	1.9115	2.2579	0.713	0.1302
M	0.2421	0.713	0.6363	0.3797	0.7041	2.9838	0.7296	0.4992	0.123
N	0.133	0.89	0.8505	1.3053	1.2062	0.5227	1.7802	1.1626	0.2282
P	0.0821	0.1275	0.6601	0.8866	0.9618	0.7322	0.2402	1.0352	0.0682
Q	0.3495	0.8251	0.7412	0.654	1.4046	0.608	1.3776	1.2969	0.3615
R	12.971	0.9781	0.1809	0.0953	0.9716	0.1334	0.4149	1.6726	0.0699
S	0.0968	0.7188	1.1692	1.5384	0.7646	0.6514	0.7141	0.8561	0.1583
T	0.1526	1.2653	0.848	1.7991	1.0787	0.6639	0.536	0.942	0.1354
V	0.234	1.5581	1.7611	1.4425	0.8593	2.396	1.2942	0.9172	0.1278
W	0.1262	0.7123	2.8024	0.1971	0.2859	0.4843	0.1352	0.4476	0.0877
Y	0.531	1.5053	2.7491	0.1419	1.1017	0.8988	0.2363	0.8402	0.2264

PWM_norm.2	P9	P8	P7	P6	P5	P4	P3	P2	P1
A	0.3132	1.1425	1.5072	0.3833	1.079	1.6638	1.3948	1.6924	0.391
C	0.0731	0.2539	0.2631	0.1177	0.2244	0.4717	0.3664	0.4125	0.0595
D	5.13	1.253	0.3524	0.2596	1.2048	1.9222	0.633	0.3819	0.1189
E	6.9585	1.7733	1.6897	0.2143	1.1791	1.1204	0.6953	1.3484	0.1844
F	0.287	0.7232	0.4056	1.0261	0.6455	0.5223	1.7482	0.9739	0.5186
G	0.422	0.5391	0.3426	0.1787	0.5814	0.49	0.7887	0.6484	0.0848
H	0.4794	0.8444	0.7185	0.4059	1.0682	0.6718	0.802	0.4828	0.3995
I	0.2809	0.7808	1.1995	2.0217	0.9752	1.4803	1.1164	1.5687	0.2209
K	0.3113	1.4237	0.694	0.2436	1.7431	0.2028	0.6695	1.3138	0.6142
L	0.164	0.6781	1.8871	4.6458	1.068	0.3668	1.333	0.9507	0.2813
M	0.2216	0.6379	0.539	3.2221	0.831	0.9343	0.9433	0.5475	0.2103
N	0.3723	1.1648	1.2212	0.4256	1.2212	3.1916	0.789	0.8469	0.1433
P	0.1561	0.8124	0.6987	0.3851	0.8748	0.7981	0.6135	0.728	0.0621
Q	0.5242	1.3997	1.1546	1.8862	1.3514	0.6095	0.743	0.9137	0.2396
R	0.2571	1.4929	0.3802	0.1221	1.0666	0.1552	0.408	0.999	13.9761
S	0.257	0.8236	0.5908	0.2103	0.6658	1.1258	0.8861	0.9711	0.0881
T	0.3428	0.9168	1.138	0.5063	1.1716	1.6395	1.084	1.0493	0.1076
V	0.2553	1.0375	1.9484	1.0217	0.7933	1.6569	1.3097	1.2484	0.1617
W	0.1201	0.3715	0.1934	0.1955	0.3095	0.3636	3.1755	0.4877	0.1105
Y	0.2325	0.6407	0.3817	0.3383	1.0342	0.3463	2.4767	0.8721	0.2538

pepL	alpha	w_s
12	99.5307	0.083	0.1488	0	0.3949	0.3733	0.3191	0.2311	0	0.3551	0.0947
13	98.9574	0.0263	0.0764	0.2382	0.4675	0.1916	0.2986	0.3626	0.1368	0.1653	0.0367
14	98.3293	0.0043	0.0259	0.161	0	0.4702	0.2976	0.0409	0.075	0.4753	0.3062	0	0.0775	0.0543	0.0116
15	98.0138	0.0017	0.0096	0.0839	0.3761	0.4093	0.0998	0.0197	0.0247	0.1824	0.5409	0.1811	0.0376	0.0237	0.0096
16	98.2233	8e-04	0.0022	0.03	0.2337	0	0.522	0.1562	0.0472	0.0079	0.0142	0.0382	0.3427	0.4747	0	0.0918	0.02	0.0102	0.0081
17	98.7349	8e-04	0.0019	0.0146	0.1152	0.4294	0.2806	0.114	0.0362	0.0072	0.013	0.0234	0.1237	0.5223	0.2209	0.0523	0.0192	0.0136	0.0115
18	99.2174	5e-04	0.0013	0.0066	0.0433	0.2908	0	0.3312	0.218	0.0767	0.0267	0.005	0.0144	0.0207	0.0564	0.2371	0.44	0	0.1507	0.0358	0.016	0.0144	0.0144
19	99.5134	0.001	0.0012	0.0074	0.029	0.145	0.2323	0.2917	0.1843	0.0762	0.0263	0.0055	0.0246	0.0328	0.0639	0.1615	0.2563	0.2441	0.1005	0.0409	0.0246	0.026	0.0246
20	99.6911	0.001	0.0012	0.0048	0.0176	0.0704	0.1449	0	0.2809	0.2453	0.1596	0.0505	0.0192	0.0045	0.0326	0.0347	0.0601	0.0749	0.1659	0.2018	0	0.2124	0.0812	0.0389	0.0326	0.0326	0.0326
21	99.7886	0.0013	0.002	0.0054	0.0189	0.0569	0.1038	0.1384	0.2552	0.2215	0.1327	0.043	0.0166	0.0041	0.0457	0.0457	0.0575	0.0991	0.1287	0.1376	0.0991	0.1258	0.0724	0.0516	0.0457	0.0457	0.0457
