Allele	DPA1_03_01__DPB1_17_01
Version	2.0.2
Type	Standard
n_specificities	2
npep_u	0.936	0.064
npep_t	5000	5000
spec_ids	1	-1
L_core	9
L_N	0
L_C	0
CS_perL	1
pepL_lower	12
pepL_upper	21
n_diff_aa	20

PWM_norm.1	P1	P2	P3	P4	P5	P6	P7	P8	P9
A	0.194	1.3793	1.616	1.5065	1.0951	5.3748	0.8823	1.3925	0.9038
C	0.0443	0.1717	0.1949	0.0973	0.1878	0.5709	0.1767	0.1601	0.4524
D	0.09	0.9514	0.9515	0.4642	0.7446	0.2259	0.2948	0.7925	0.1528
E	0.106	1.3606	0.3797	1.4994	1.0823	0.1883	1.0699	1.5742	0.201
F	0.8851	0.8984	1.8315	0.3348	0.6712	0.1276	0.5849	0.4296	0.2048
G	0.0785	0.4335	1.885	0.36	0.4888	0.7005	0.1945	0.5348	0.1079
H	0.5898	1.1369	1.1531	2.7784	0.5718	0.0643	2.8653	0.9767	0.0856
I	0.3644	1.4521	0.59	0.9958	1.5879	1.735	0.7075	0.969	3.0932
K	1.058	1.0362	0.3403	2.5881	1.1953	0.0576	1.9968	1.3955	0.0474
L	0.3487	0.9969	0.4456	0.3557	1.5862	0.5167	1.3123	0.7296	4.0145
M	0.2421	0.8051	0.6533	0.3749	0.846	0.4619	0.5027	0.6538	0.9454
N	0.133	0.7417	0.88	1.037	1.0191	0.1251	1.5674	1.1569	0.2979
P	0.0821	0.067	0.4423	0.2102	0.8894	1.3464	0.1936	0.9531	0.0579
Q	0.3495	1.1665	0.7395	0.9875	1.1022	0.0782	3.8241	1.3025	0.2304
R	12.971	1.0597	0.2617	0.5411	0.5705	0.0412	1.4249	1.3779	0.0544
S	0.0968	0.7984	1.441	1.5894	0.5863	0.7876	0.3021	0.9151	0.4535
T	0.1526	1.0391	0.7827	1.4287	1.2888	0.582	0.3849	1.078	0.7986
V	0.234	1.7257	1.3105	1.0813	1.4919	3.3774	0.795	1.0151	3.6899
W	0.1262	1.5797	3.458	0.5208	0.1695	0.0263	0.5624	0.321	0.0579
Y	0.531	1.3422	3.6269	0.3379	1.2956	0.0842	0.6301	0.8207	0.145

PWM_norm.2	P9	P8	P7	P6	P5	P4	P3	P2	P1
A	0.7759	1.337	1.2476	3.7558	1.0184	1.3952	1.4726	1.3614	0.391
C	0.4076	0.2601	0.3192	0.6291	0.2045	0.2439	0.2049	0.2633	0.0595
D	0.4173	0.9792	0.2573	0.3977	0.7288	0.5117	0.9576	0.9222	0.1189
E	0.4203	1.5111	0.7897	0.2234	1.0575	0.8256	0.4246	1.3381	0.1844
F	0.4425	0.54	0.3343	0.5878	0.6281	1.0938	1.8604	0.8855	0.5186
G	0.2129	0.4876	0.2344	0.9484	0.5364	0.4264	1.7817	0.5249	0.0848
H	0.1718	1.1171	2.7762	0.2805	0.5999	3.5778	1.2732	1.2091	0.3995
I	3.8302	0.8592	1.4324	1.563	1.6676	0.9426	0.5641	1.4327	0.2209
K	0.1154	1.4441	1.5786	0.1601	1.4322	2.557	0.3821	0.9811	0.6142
L	3.9012	0.6872	1.0504	0.835	1.4964	0.4528	0.4925	0.9685	0.2813
M	1.8098	0.7705	0.5768	0.5232	0.9745	0.9422	0.6847	0.8682	0.2103
N	0.4126	1.115	0.9656	0.6457	0.9322	1.3476	0.8457	0.7812	0.1433
P	0.1917	0.7475	0.5722	1.1651	0.9529	0.2479	0.4175	0.1401	0.0621
Q	0.2119	1.5271	1.9325	0.2816	1.0996	0.9405	0.8067	1.1622	0.2396
R	0.0981	1.3655	1.5194	0.1561	0.7276	0.7485	0.2851	1.0204	13.9761
S	0.3704	0.8577	0.3618	0.9244	0.5345	0.9613	1.3836	0.8522	0.0881
T	0.7035	1.1247	0.9314	1.3513	1.144	1.1759	0.8634	1.0539	0.1076
V	2.272	1.0785	1.955	2.5134	1.4059	1.0942	1.3074	1.5842	0.1617
W	0.1488	0.3532	0.4585	0.1528	0.2815	1.3499	3.3624	1.5304	0.1105
Y	0.2294	0.7747	0.5886	0.2524	1.3156	0.8593	3.7132	1.3619	0.2538

pepL	alpha	w_s
12	99.5307	0.083	0.1488	0	0.3949	0.3733	0.3191	0.2311	0	0.3551	0.0947
13	98.9574	0.0263	0.0764	0.2382	0.4675	0.1916	0.2986	0.3626	0.1368	0.1653	0.0367
14	98.3293	0.0043	0.0259	0.161	0	0.4702	0.2976	0.0409	0.075	0.4753	0.3062	0	0.0775	0.0543	0.0116
15	98.0138	0.0017	0.0096	0.0839	0.3761	0.4093	0.0998	0.0197	0.0247	0.1824	0.5409	0.1811	0.0376	0.0237	0.0096
16	98.2233	8e-04	0.0022	0.03	0.2337	0	0.522	0.1562	0.0472	0.0079	0.0142	0.0382	0.3427	0.4747	0	0.0918	0.02	0.0102	0.0081
17	98.7349	8e-04	0.0019	0.0146	0.1152	0.4294	0.2806	0.114	0.0362	0.0072	0.013	0.0234	0.1237	0.5223	0.2209	0.0523	0.0192	0.0136	0.0115
18	99.2174	5e-04	0.0013	0.0066	0.0433	0.2908	0	0.3312	0.218	0.0767	0.0267	0.005	0.0144	0.0207	0.0564	0.2371	0.44	0	0.1507	0.0358	0.016	0.0144	0.0144
19	99.5134	0.001	0.0012	0.0074	0.029	0.145	0.2323	0.2917	0.1843	0.0762	0.0263	0.0055	0.0246	0.0328	0.0639	0.1615	0.2563	0.2441	0.1005	0.0409	0.0246	0.026	0.0246
20	99.6911	0.001	0.0012	0.0048	0.0176	0.0704	0.1449	0	0.2809	0.2453	0.1596	0.0505	0.0192	0.0045	0.0326	0.0347	0.0601	0.0749	0.1659	0.2018	0	0.2124	0.0812	0.0389	0.0326	0.0326	0.0326
21	99.7886	0.0013	0.002	0.0054	0.0189	0.0569	0.1038	0.1384	0.2552	0.2215	0.1327	0.043	0.0166	0.0041	0.0457	0.0457	0.0575	0.0991	0.1287	0.1376	0.0991	0.1258	0.0724	0.0516	0.0457	0.0457	0.0457
