Allele	DPA1_02_07__DPB1_652_01
Version	2.0.2
Type	Standard
n_specificities	2
npep_u	0.75	0.25
npep_t	5000	5000
spec_ids	1	-1
L_core	9
L_N	0
L_C	0
CS_perL	1
pepL_lower	12
pepL_upper	21
n_diff_aa	20

PWM_norm.1	P1	P2	P3	P4	P5	P6	P7	P8	P9
A	0.0993	1.3793	1.616	1.1308	0.9311	0.7084	0.7246	1.3925	1.4206
C	0.0353	0.1717	0.1949	0.0951	0.2371	0.1796	0.1609	0.1601	1.0207
D	0.0659	0.9514	0.9515	0.4028	1.3369	0.0488	0.2583	0.7925	0.5474
E	0.0793	1.3606	0.3797	1.206	1.0387	0.1306	1.4141	1.5742	0.286
F	0.4008	0.8984	1.8315	0.3464	0.6884	3.2679	0.3516	0.4296	0.4185
G	0.0556	0.4335	1.885	0.3884	0.5188	0.1154	0.1992	0.5348	0.38
H	0.0961	1.1369	1.1531	3.3082	1.2322	0.1694	2.7818	0.9767	0.3699
I	0.1801	1.4521	0.59	0.8827	0.7928	3.1581	0.7311	0.969	2.1831
K	13.1209	1.0362	0.3403	3.553	1.6911	0.0579	1.8476	1.3955	0.1051
L	0.141	0.9969	0.4456	0.4069	1.089	3.5015	1.621	0.7296	1.6937
M	0.1273	0.8051	0.6533	0.3682	0.6693	4.4088	0.4305	0.6538	1.0763
N	0.0996	0.7417	0.88	1.0452	1.2932	0.1086	1.8641	1.1569	1.5263
P	0.0427	0.067	0.4423	0.1903	1.0639	0.2365	0.1215	0.9531	0.191
Q	0.1015	1.1665	0.7395	0.9891	1.3376	0.1527	3.7174	1.3025	0.2685
R	2.5678	1.0597	0.2617	0.7706	0.9942	0.047	1.1405	1.3779	0.1128
S	0.055	0.7984	1.441	1.2054	0.7775	0.21	0.3149	0.9151	1.2383
T	0.0831	1.0391	0.7827	1.3382	1.237	0.265	0.3391	1.078	1.7203
V	0.1135	1.7257	1.3105	1.095	0.7717	1.9996	0.8366	1.0151	3.2678
W	0.054	1.5797	3.458	0.5911	0.312	0.3992	0.3183	0.321	0.1657
Y	0.3495	1.3422	3.6269	0.4174	1.1472	1.5199	0.4048	0.8207	0.36

PWM_norm.2	P9	P8	P7	P6	P5	P4	P3	P2	P1
A	1.5526	1.337	0.7332	0.198	0.9483	1.1368	1.4726	1.3614	0.2495
C	0.9667	0.2601	0.148	0.0688	0.2758	0.1911	0.2049	0.2633	0.1093
D	0.6164	0.9792	0.1871	0.0657	1.2715	0.4713	0.9576	0.9222	0.1796
E	0.2766	1.5111	1.3116	0.0724	1.0875	0.7189	0.4246	1.3381	0.2263
F	0.3515	0.54	0.3302	6.3192	0.6613	1.0462	1.8604	0.8855	0.4908
G	0.4777	0.4876	0.1661	0.082	0.5662	0.367	1.7817	0.5249	0.1442
H	0.4432	1.1171	3.1297	0.1791	1.0362	3.6146	1.2732	1.2091	0.1965
I	1.9722	0.8592	0.9116	1.91	0.902	0.8711	0.5641	1.4327	0.279
K	0.0947	1.4441	1.7195	0.0782	1.793	2.9916	0.3821	0.9811	12.3405
L	1.4717	0.6872	1.5596	3.8442	0.9983	0.4077	0.4925	0.9685	0.239
M	0.9947	0.7705	0.302	3.1292	0.7792	0.7369	0.6847	0.8682	0.2414
N	1.8229	1.115	1.718	0.1582	1.2945	1.5391	0.8457	0.7812	0.3388
P	0.2042	0.7475	0.1762	0.1545	1.0295	0.2418	0.4175	0.1401	0.0968
Q	0.242	1.5271	3.7447	0.379	1.2686	0.9355	0.8067	1.1622	0.2411
R	0.1055	1.3655	1.151	0.058	1.0953	0.8084	0.2851	1.0204	1.6717
S	1.3789	0.8577	0.2774	0.1154	0.7127	0.952	1.3836	0.8522	0.176
T	1.7624	1.1247	0.4347	0.3891	1.2678	1.2889	0.8634	1.0539	0.17
V	3.1671	1.0785	0.9766	0.7781	0.7463	1.1146	1.3074	1.5842	0.1577
W	0.1471	0.3532	0.2748	1.3791	0.3601	1.443	3.3624	1.5304	0.1099
Y	0.3299	0.7747	0.5124	2.9253	1.1807	0.9705	3.7132	1.3619	0.4468

pepL	alpha	w_s
12	99.5307	0.083	0.1488	0	0.3949	0.3733	0.3191	0.2311	0	0.3551	0.0947
13	98.9574	0.0263	0.0764	0.2382	0.4675	0.1916	0.2986	0.3626	0.1368	0.1653	0.0367
14	98.3293	0.0043	0.0259	0.161	0	0.4702	0.2976	0.0409	0.075	0.4753	0.3062	0	0.0775	0.0543	0.0116
15	98.0138	0.0017	0.0096	0.0839	0.3761	0.4093	0.0998	0.0197	0.0247	0.1824	0.5409	0.1811	0.0376	0.0237	0.0096
16	98.2233	8e-04	0.0022	0.03	0.2337	0	0.522	0.1562	0.0472	0.0079	0.0142	0.0382	0.3427	0.4747	0	0.0918	0.02	0.0102	0.0081
17	98.7349	8e-04	0.0019	0.0146	0.1152	0.4294	0.2806	0.114	0.0362	0.0072	0.013	0.0234	0.1237	0.5223	0.2209	0.0523	0.0192	0.0136	0.0115
18	99.2174	5e-04	0.0013	0.0066	0.0433	0.2908	0	0.3312	0.218	0.0767	0.0267	0.005	0.0144	0.0207	0.0564	0.2371	0.44	0	0.1507	0.0358	0.016	0.0144	0.0144
19	99.5134	0.001	0.0012	0.0074	0.029	0.145	0.2323	0.2917	0.1843	0.0762	0.0263	0.0055	0.0246	0.0328	0.0639	0.1615	0.2563	0.2441	0.1005	0.0409	0.0246	0.026	0.0246
20	99.6911	0.001	0.0012	0.0048	0.0176	0.0704	0.1449	0	0.2809	0.2453	0.1596	0.0505	0.0192	0.0045	0.0326	0.0347	0.0601	0.0749	0.1659	0.2018	0	0.2124	0.0812	0.0389	0.0326	0.0326	0.0326
21	99.7886	0.0013	0.002	0.0054	0.0189	0.0569	0.1038	0.1384	0.2552	0.2215	0.1327	0.043	0.0166	0.0041	0.0457	0.0457	0.0575	0.0991	0.1287	0.1376	0.0991	0.1258	0.0724	0.0516	0.0457	0.0457	0.0457
