Allele	DPA1_04_01__DPB1_236_01
Version	2.0.2
Type	Standard
n_specificities	1
npep_u	1
npep_t	5000
spec_ids	1
L_core	9
L_N	0
L_C	0
CS_perL	1
pepL_lower	12
pepL_upper	21
n_diff_aa	20

PWM_norm.1	P1	P2	P3	P4	P5	P6	P7	P8	P9
A	0.1462	1.5309	1.6308	1.1327	0.9311	0.1569	0.7246	1.3021	1.3361
C	0.0609	0.2313	0.2112	0.1641	0.2371	0.0364	0.1609	0.2073	1.0024
D	0.0389	0.7279	0.8635	0.3778	1.3369	0.0272	0.2583	0.7502	0.426
E	0.0711	1.1412	0.4814	0.7394	1.0387	0.0441	1.4141	1.3454	0.2872
F	7.7659	1.0776	1.7785	0.5015	0.6884	16.3616	0.3516	0.5287	0.8734
G	0.0485	0.2896	1.0765	0.4721	0.5188	0.061	0.1992	0.6615	0.5142
H	0.3007	0.4051	0.5422	2.7741	1.2322	0.1223	2.7818	1.1905	0.3586
I	2.8745	1.2629	1.5775	1.1631	0.7928	0.4832	0.7311	0.9921	2.4686
K	0.0362	1.8103	0.2992	3.2455	1.6911	0.0328	1.8476	1.3714	0.1439
L	2.5627	1.5065	0.8125	0.5274	1.089	0.9869	1.621	0.7855	1.7944
M	1.7178	0.8577	0.5726	0.4948	0.6693	0.7659	0.4305	0.7119	1.3533
N	0.0938	0.785	1.0208	1.0135	1.2932	0.078	1.8641	1.1171	1.0901
P	0.0334	0.0744	0.5164	0.5663	1.0639	0.1306	0.1215	1.0622	0.1968
Q	0.1625	1.127	0.7434	0.9772	1.3376	0.0551	3.7174	1.2561	0.3626
R	0.0724	1.0844	0.1341	0.7241	0.9942	0.0288	1.1405	1.369	0.1915
S	0.05	0.4634	1.1011	1.1988	0.7775	0.096	0.3149	0.8595	0.9365
T	0.0934	0.8737	0.6702	1.2888	1.237	0.1247	0.3391	1.0352	1.4037
V	0.8828	1.4324	2.1295	1.1591	0.7717	0.2423	0.8366	1.0097	3.098
W	3.4531	1.2203	2.1086	0.8635	0.312	3.4412	0.3183	0.4437	0.2473
Y	5.9798	1.5985	3.2508	0.5554	1.1472	6.5791	0.4048	0.943	0.935

pepL	alpha	w_s
12	99.5307	0.083	0.1488	0	0.3949	0.3733
13	98.9574	0.0263	0.0764	0.2382	0.4675	0.1916
14	98.3293	0.0043	0.0259	0.161	0	0.4702	0.2976	0.0409
15	98.0138	0.0017	0.0096	0.0839	0.3761	0.4093	0.0998	0.0197
16	98.2233	8e-04	0.0022	0.03	0.2337	0	0.522	0.1562	0.0472	0.0079
17	98.7349	8e-04	0.0019	0.0146	0.1152	0.4294	0.2806	0.114	0.0362	0.0072
18	99.2174	5e-04	0.0013	0.0066	0.0433	0.2908	0	0.3312	0.218	0.0767	0.0267	0.005
19	99.5134	0.001	0.0012	0.0074	0.029	0.145	0.2323	0.2917	0.1843	0.0762	0.0263	0.0055
20	99.6911	0.001	0.0012	0.0048	0.0176	0.0704	0.1449	0	0.2809	0.2453	0.1596	0.0505	0.0192	0.0045
21	99.7886	0.0013	0.002	0.0054	0.0189	0.0569	0.1038	0.1384	0.2552	0.2215	0.1327	0.043	0.0166	0.0041
