Allele	DPA1_04_02__DPB1_835_01
Version	2.0.2
Type	Standard
n_specificities	1
npep_u	1
npep_t	5000
spec_ids	1
L_core	9
L_N	0
L_C	0
CS_perL	1
pepL_lower	12
pepL_upper	21
n_diff_aa	20

PWM_norm.1	P1	P2	P3	P4	P5	P6	P7	P8	P9
A	0.2718	1.3793	1.6811	1.0847	0.9268	0.182	2.7007	1.0727	0.9692
C	0.0938	0.1717	0.1966	0.1799	0.1753	0.0383	0.2558	0.1763	0.2427
D	0.0685	0.9514	1.0145	1.5359	1.3556	0.0272	0.4518	0.9873	0.7736
E	0.0735	1.3606	0.4305	3.1504	1.0607	0.0442	1.7631	1.5134	0.702
F	2.7435	0.8984	1.6495	0.2607	0.653	17.0721	0.2374	0.5057	3.9202
G	0.086	0.4335	1.6809	0.5068	0.5244	0.0604	0.7506	0.6957	0.4404
H	0.2736	1.1369	1.2596	0.68	1.2267	0.1414	0.3045	0.9952	0.3175
I	5.9154	1.4521	0.709	0.8818	0.7941	0.4714	0.8195	0.8677	2.4701
K	0.077	1.0362	0.4526	0.5809	1.731	0.0289	0.3825	1.3882	0.1959
L	3.2613	0.9969	0.4862	0.4365	1.1769	0.7763	2.0421	0.7915	1.6615
M	2.2444	0.8051	0.7618	0.3859	0.6741	0.6799	0.8731	0.5751	2.8398
N	0.1094	0.7417	0.847	0.902	1.2785	0.1169	1.1407	1.1008	0.2171
P	0.1088	0.067	0.5447	0.24	0.9047	0.1443	0.2774	1.1143	0.2306
Q	0.1924	1.1665	0.8312	0.7318	1.4052	0.0666	0.9107	1.2358	0.4923
R	0.4048	1.0597	0.3636	0.2311	1.0342	0.0252	0.2905	1.5974	0.2799
S	0.0714	0.7984	1.3552	1.2885	0.7992	0.1196	0.8599	0.8211	0.4514
T	0.2103	1.0391	0.8463	2.5298	1.0574	0.1303	0.6178	0.9401	0.795
V	2.2439	1.7257	1.283	1.4326	0.8517	0.2637	1.3909	0.9462	1.722
W	0.7683	1.5797	2.3889	0.2384	0.2603	3.2465	0.0926	0.4965	1.2488
Y	0.933	1.3422	3.2733	0.2148	1.0691	6.2738	0.2356	0.9597	2.1939

pepL	alpha	w_s
12	99.5307	0.083	0.1488	0	0.3949	0.3733
13	98.9574	0.0263	0.0764	0.2382	0.4675	0.1916
14	98.3293	0.0043	0.0259	0.161	0	0.4702	0.2976	0.0409
15	98.0138	0.0017	0.0096	0.0839	0.3761	0.4093	0.0998	0.0197
16	98.2233	8e-04	0.0022	0.03	0.2337	0	0.522	0.1562	0.0472	0.0079
17	98.7349	8e-04	0.0019	0.0146	0.1152	0.4294	0.2806	0.114	0.0362	0.0072
18	99.2174	5e-04	0.0013	0.0066	0.0433	0.2908	0	0.3312	0.218	0.0767	0.0267	0.005
19	99.5134	0.001	0.0012	0.0074	0.029	0.145	0.2323	0.2917	0.1843	0.0762	0.0263	0.0055
20	99.6911	0.001	0.0012	0.0048	0.0176	0.0704	0.1449	0	0.2809	0.2453	0.1596	0.0505	0.0192	0.0045
21	99.7886	0.0013	0.002	0.0054	0.0189	0.0569	0.1038	0.1384	0.2552	0.2215	0.1327	0.043	0.0166	0.0041
