Allele	DPA1_04_01__DPB1_208_01
Version	2.0.2
Type	Standard
n_specificities	1
npep_u	1
npep_t	5000
spec_ids	1
L_core	9
L_N	0
L_C	0
CS_perL	1
pepL_lower	12
pepL_upper	21
n_diff_aa	20

PWM_norm.1	P1	P2	P3	P4	P5	P6	P7	P8	P9
A	0.194	1.3793	1.616	1.2127	1.0951	5.7727	2.6696	1.3021	1.8621
C	0.0443	0.1717	0.1949	0.0909	0.1878	0.4537	0.3046	0.2073	0.373
D	0.09	0.9514	0.9515	0.3447	0.7446	0.0936	0.4204	0.7502	1.071
E	0.106	1.3606	0.3797	1.2014	1.0823	0.1311	0.8129	1.3454	0.9264
F	0.8851	0.8984	1.8315	0.3832	0.6712	0.3613	0.6755	0.5287	0.3521
G	0.0785	0.4335	1.885	0.3152	0.4888	0.9305	0.4203	0.6615	0.7111
H	0.5898	1.1369	1.1531	2.8459	0.5718	0.0666	2.0593	1.1905	2.1422
I	0.3644	1.4521	0.59	0.9116	1.5879	1.2502	0.7143	0.9921	0.7564
K	1.058	1.0362	0.3403	3.5273	1.1953	0.0765	1.1419	1.3714	0.1811
L	0.3487	0.9969	0.4456	0.4003	1.5862	0.5763	1.0997	0.7855	0.7573
M	0.2421	0.8051	0.6533	0.382	0.846	0.2694	0.7992	0.7119	0.5386
N	0.133	0.7417	0.88	0.8017	1.0191	0.1127	1.1213	1.1171	3.7418
P	0.0821	0.067	0.4423	0.2181	0.8894	2.3638	0.3856	1.0622	0.2934
Q	0.3495	1.1665	0.7395	0.9324	1.1022	0.0692	2.3433	1.2561	1.1855
R	12.971	1.0597	0.2617	0.632	0.5705	0.0508	1.1337	1.369	0.257
S	0.0968	0.7984	1.441	1.4853	0.5863	0.8759	0.6207	0.8595	1.7651
T	0.1526	1.0391	0.7827	1.5288	1.2888	0.6003	0.4675	1.0352	0.7801
V	0.234	1.7257	1.3105	1.0715	1.4919	1.7693	1.0211	1.0097	1.2061
W	0.1262	1.5797	3.458	0.5409	0.1695	0.0763	0.5099	0.4437	0.1437
Y	0.531	1.3422	3.6269	0.3868	1.2956	0.2466	0.6075	0.943	0.4122

pepL	alpha	w_s
12	99.5307	0.083	0.1488	0	0.3949	0.3733
13	98.9574	0.0263	0.0764	0.2382	0.4675	0.1916
14	98.3293	0.0043	0.0259	0.161	0	0.4702	0.2976	0.0409
15	98.0138	0.0017	0.0096	0.0839	0.3761	0.4093	0.0998	0.0197
16	98.2233	8e-04	0.0022	0.03	0.2337	0	0.522	0.1562	0.0472	0.0079
17	98.7349	8e-04	0.0019	0.0146	0.1152	0.4294	0.2806	0.114	0.0362	0.0072
18	99.2174	5e-04	0.0013	0.0066	0.0433	0.2908	0	0.3312	0.218	0.0767	0.0267	0.005
19	99.5134	0.001	0.0012	0.0074	0.029	0.145	0.2323	0.2917	0.1843	0.0762	0.0263	0.0055
20	99.6911	0.001	0.0012	0.0048	0.0176	0.0704	0.1449	0	0.2809	0.2453	0.1596	0.0505	0.0192	0.0045
21	99.7886	0.0013	0.002	0.0054	0.0189	0.0569	0.1038	0.1384	0.2552	0.2215	0.1327	0.043	0.0166	0.0041
