Allele	DPA1_03_01__DPB1_36_01
Version	2.0.2
Type	Standard
n_specificities	2
npep_u	0.784	0.216
npep_t	5000	5000
spec_ids	1	-1
L_core	9
L_N	0
L_C	0
CS_perL	1
pepL_lower	12
pepL_upper	21
n_diff_aa	20

PWM_norm.1	P1	P2	P3	P4	P5	P6	P7	P8	P9
A	0.194	1.3793	1.616	1.1882	1.4491	5.8858	2.0159	1.5797	1.5901
C	0.0443	0.1717	0.1949	0.0764	0.151	0.4971	0.3825	0.1389	0.1634
D	0.09	0.9514	0.9515	1.6586	0.8357	0.1242	0.5728	0.7935	2.4817
E	0.106	1.3606	0.3797	5.0271	0.9909	0.1623	1.6652	1.3429	1.6569
F	0.8851	0.8984	1.8315	0.0919	0.6954	0.0898	0.5817	0.2908	1.9176
G	0.0785	0.4335	1.885	0.2228	0.3951	0.8404	0.63	0.6514	0.5875
H	0.5898	1.1369	1.1531	0.2316	0.4889	0.0612	0.7222	0.8404	1.6519
I	0.3644	1.4521	0.59	0.8958	1.4578	1.5116	0.9691	0.7518	0.6689
K	1.058	1.0362	0.3403	0.0899	1.1945	0.0549	0.7043	1.8179	0.2786
L	0.3487	0.9969	0.4456	0.2174	1.6481	0.5608	1.6526	0.5239	0.6124
M	0.2421	0.8051	0.6533	0.2029	0.9201	0.4386	1.0785	0.385	1.0987
N	0.133	0.7417	0.88	0.6546	0.8834	0.1425	1.3033	1.4395	1.4022
P	0.0821	0.067	0.4423	0.0957	1.0396	2.091	0.386	1.2149	0.3863
Q	0.3495	1.1665	0.7395	0.5113	0.9483	0.0929	1.3972	1.526	0.9221
R	12.971	1.0597	0.2617	0.0485	0.7424	0.0373	0.5977	1.2094	0.3215
S	0.0968	0.7984	1.441	1.7157	0.5924	0.8338	0.6549	1.3294	1.2823
T	0.1526	1.0391	0.7827	2.1223	0.9774	0.4396	0.5922	0.7726	0.7336
V	0.234	1.7257	1.3105	1.0135	1.4308	2.1699	1.2885	0.588	0.721
W	0.1262	1.5797	3.458	0.0568	0.2062	0.0226	0.3287	0.2336	0.8387
Y	0.531	1.3422	3.6269	0.0552	1.165	0.0742	0.5393	0.698	1.1436

PWM_norm.2	P9	P8	P7	P6	P5	P4	P3	P2	P1
A	1.2707	0.8725	2.4546	4.2101	1.266	1.4357	1.4726	1.3614	0.391
C	0.1778	0.1874	0.4187	0.3522	0.1433	0.2391	0.2049	0.2633	0.0595
D	2.194	1.7178	0.3581	0.2909	0.7677	1.9462	0.9576	0.9222	0.1189
E	2.0167	1.5541	1.1587	0.1932	0.9925	2.5223	0.4246	1.3381	0.1844
F	0.6804	0.8152	0.3809	0.1615	0.692	0.542	1.8604	0.8855	0.5186
G	0.9853	0.8558	0.4297	1.0298	0.432	0.4191	1.7817	0.5249	0.0848
H	1.5914	1.1378	0.6215	0.184	0.5409	0.5062	1.2732	1.2091	0.3995
I	0.6606	0.7479	1.2633	1.5159	1.6214	1.0387	0.5641	1.4327	0.2209
K	0.3608	1.2612	0.555	0.1013	1.3886	0.1502	0.3821	0.9811	0.6142
L	0.9085	0.8497	1.3341	0.8918	1.5827	0.3805	0.4925	0.9685	0.2813
M	1.1128	0.4421	0.855	0.3955	0.9124	0.6958	0.6847	0.8682	0.2103
N	1.4772	1.1652	0.6794	0.5119	0.8299	1.5921	0.8457	0.7812	0.1433
P	0.4001	0.4672	1.2026	2.4315	1.0258	0.3943	0.4175	0.1401	0.0621
Q	1.6624	2.1379	0.7246	0.3356	0.932	0.7617	0.8067	1.1622	0.2396
R	0.5439	0.9632	0.4847	0.0653	0.7901	0.0948	0.2851	1.0204	13.9761
S	1.058	0.8079	0.58	0.9064	0.5538	1.371	1.3836	0.8522	0.0881
T	0.6292	0.888	1.2293	0.836	1.0023	2.2981	0.8634	1.0539	0.1076
V	0.5384	0.9614	2.218	1.8448	1.4825	1.3335	1.3074	1.5842	0.1617
W	0.3033	0.6167	0.2799	0.0336	0.2546	0.1984	3.3624	1.5304	0.1105
Y	0.6046	0.6794	0.3994	0.0784	1.156	0.2382	3.7132	1.3619	0.2538

pepL	alpha	w_s
12	99.5307	0.083	0.1488	0	0.3949	0.3733	0.3191	0.2311	0	0.3551	0.0947
13	98.9574	0.0263	0.0764	0.2382	0.4675	0.1916	0.2986	0.3626	0.1368	0.1653	0.0367
14	98.3293	0.0043	0.0259	0.161	0	0.4702	0.2976	0.0409	0.075	0.4753	0.3062	0	0.0775	0.0543	0.0116
15	98.0138	0.0017	0.0096	0.0839	0.3761	0.4093	0.0998	0.0197	0.0247	0.1824	0.5409	0.1811	0.0376	0.0237	0.0096
16	98.2233	8e-04	0.0022	0.03	0.2337	0	0.522	0.1562	0.0472	0.0079	0.0142	0.0382	0.3427	0.4747	0	0.0918	0.02	0.0102	0.0081
17	98.7349	8e-04	0.0019	0.0146	0.1152	0.4294	0.2806	0.114	0.0362	0.0072	0.013	0.0234	0.1237	0.5223	0.2209	0.0523	0.0192	0.0136	0.0115
18	99.2174	5e-04	0.0013	0.0066	0.0433	0.2908	0	0.3312	0.218	0.0767	0.0267	0.005	0.0144	0.0207	0.0564	0.2371	0.44	0	0.1507	0.0358	0.016	0.0144	0.0144
19	99.5134	0.001	0.0012	0.0074	0.029	0.145	0.2323	0.2917	0.1843	0.0762	0.0263	0.0055	0.0246	0.0328	0.0639	0.1615	0.2563	0.2441	0.1005	0.0409	0.0246	0.026	0.0246
20	99.6911	0.001	0.0012	0.0048	0.0176	0.0704	0.1449	0	0.2809	0.2453	0.1596	0.0505	0.0192	0.0045	0.0326	0.0347	0.0601	0.0749	0.1659	0.2018	0	0.2124	0.0812	0.0389	0.0326	0.0326	0.0326
21	99.7886	0.0013	0.002	0.0054	0.0189	0.0569	0.1038	0.1384	0.2552	0.2215	0.1327	0.043	0.0166	0.0041	0.0457	0.0457	0.0575	0.0991	0.1287	0.1376	0.0991	0.1258	0.0724	0.0516	0.0457	0.0457	0.0457
