Allele	DPA1_02_09__DPB1_236_01
Version	2.0.2
Type	Standard
n_specificities	2
npep_u	0.99	0.01
npep_t	5000	5000
spec_ids	1	-1
L_core	9
L_N	0
L_C	0
CS_perL	1
pepL_lower	12
pepL_upper	21
n_diff_aa	20

PWM_norm.1	P1	P2	P3	P4	P5	P6	P7	P8	P9
A	0.1427	1.5309	1.6308	1.1327	0.9311	0.1569	0.7246	1.3925	1.4701
C	0.0633	0.2313	0.2112	0.1641	0.2371	0.0364	0.1609	0.1601	0.9289
D	0.0333	0.7279	0.8635	0.3778	1.3369	0.0272	0.2583	0.7925	0.4836
E	0.0608	1.1412	0.4814	0.7394	1.0387	0.0441	1.4141	1.5742	0.2641
F	6.8984	1.0776	1.7785	0.5015	0.6884	16.3616	0.3516	0.4296	0.4639
G	0.0466	0.2896	1.0765	0.4721	0.5188	0.061	0.1992	0.5348	0.3762
H	0.1518	0.4051	0.5422	2.7741	1.2322	0.1223	2.7818	0.9767	0.3453
I	2.9683	1.2629	1.5775	1.1631	0.7928	0.4832	0.7311	0.969	2.0933
K	0.1836	1.8103	0.2992	3.2455	1.6911	0.0328	1.8476	1.3955	0.1042
L	2.4301	1.5065	0.8125	0.5274	1.089	0.9869	1.621	0.7296	1.7778
M	2.09	0.8577	0.5726	0.4948	0.6693	0.7659	0.4305	0.6538	1.054
N	0.0913	0.785	1.0208	1.0135	1.2932	0.078	1.8641	1.1569	1.341
P	0.0397	0.0744	0.5164	0.5663	1.0639	0.1306	0.1215	0.9531	0.195
Q	0.1008	1.127	0.7434	0.9772	1.3376	0.0551	3.7174	1.3025	0.2729
R	0.0441	1.0844	0.1341	0.7241	0.9942	0.0288	1.1405	1.3779	0.1062
S	0.0429	0.4634	1.1011	1.1988	0.7775	0.096	0.3149	0.9151	1.2399
T	0.0847	0.8737	0.6702	1.2888	1.237	0.1247	0.3391	1.078	1.738
V	0.9925	1.4324	2.1295	1.1591	0.7717	0.2423	0.8366	1.0151	3.3367
W	2.3804	1.2203	2.1086	0.8635	0.312	3.4412	0.3183	0.321	0.1603
Y	7.5167	1.5985	3.2508	0.5554	1.1472	6.5791	0.4048	0.8207	0.3632

PWM_norm.2	P9	P8	P7	P6	P5	P4	P3	P2	P1
A	1.6483	1.337	0.7332	0.1439	0.9483	1.1134	0.8963	1.8626	0.1207
C	0.9185	0.2601	0.148	0.045	0.2758	0.2925	0.1762	0.3428	0.0527
D	0.5973	0.9792	0.1871	0.0324	1.2715	0.5961	0.3814	0.4139	0.0377
E	0.2798	1.5111	1.3116	0.0423	1.0875	0.4856	0.3179	1.3226	0.0723
F	0.3638	0.54	0.3302	16.1443	0.6613	0.7217	4.7028	1.0332	7.0412
G	0.4772	0.4876	0.1661	0.0645	0.5662	0.2753	0.6653	0.6053	0.0555
H	0.4619	1.1171	3.1297	0.1184	1.0362	4.9464	0.4377	0.4524	0.1517
I	1.8875	0.8592	0.9116	0.5317	0.902	1.2921	1.0377	1.7328	2.8467
K	0.083	1.4441	1.7195	0.0563	1.793	2.5718	0.316	1.1968	0.159
L	1.4941	0.6872	1.5596	1.0058	0.9983	0.4249	2.0976	1.0928	2.2886
M	1.0126	0.7705	0.302	0.8672	0.7792	0.9525	0.6443	0.6215	2.0428
N	1.7789	1.115	1.718	0.0731	1.2945	2.6196	0.4774	0.8078	0.0903
P	0.2035	0.7475	0.1762	0.0987	1.0295	0.1813	0.3139	0.6088	0.0501
Q	0.2487	1.5271	3.7447	0.0897	1.2686	0.6963	0.3894	0.9254	0.1153
R	0.0892	1.3655	1.151	0.0414	1.0953	0.6648	0.1912	0.8723	0.0298
S	1.4202	0.8577	0.2774	0.0771	0.7127	0.9469	0.8092	0.8458	0.0561
T	1.7271	1.1247	0.4347	0.1509	1.2678	0.8393	1.4053	1.0257	0.0998
V	3.0957	1.0785	0.9766	0.2721	0.7463	1.2807	1.1007	1.2909	0.9647
W	0.1509	0.3532	0.2748	3.3692	0.3601	0.973	1.6299	0.5406	2.5855
Y	0.3656	0.7747	0.5124	6.5687	1.1807	0.894	3.4519	0.8613	8.0313

pepL	alpha	w_s
12	99.5307	0.083	0.1488	0	0.3949	0.3733	0.3191	0.2311	0	0.3551	0.0947
13	98.9574	0.0263	0.0764	0.2382	0.4675	0.1916	0.2986	0.3626	0.1368	0.1653	0.0367
14	98.3293	0.0043	0.0259	0.161	0	0.4702	0.2976	0.0409	0.075	0.4753	0.3062	0	0.0775	0.0543	0.0116
15	98.0138	0.0017	0.0096	0.0839	0.3761	0.4093	0.0998	0.0197	0.0247	0.1824	0.5409	0.1811	0.0376	0.0237	0.0096
16	98.2233	8e-04	0.0022	0.03	0.2337	0	0.522	0.1562	0.0472	0.0079	0.0142	0.0382	0.3427	0.4747	0	0.0918	0.02	0.0102	0.0081
17	98.7349	8e-04	0.0019	0.0146	0.1152	0.4294	0.2806	0.114	0.0362	0.0072	0.013	0.0234	0.1237	0.5223	0.2209	0.0523	0.0192	0.0136	0.0115
18	99.2174	5e-04	0.0013	0.0066	0.0433	0.2908	0	0.3312	0.218	0.0767	0.0267	0.005	0.0144	0.0207	0.0564	0.2371	0.44	0	0.1507	0.0358	0.016	0.0144	0.0144
19	99.5134	0.001	0.0012	0.0074	0.029	0.145	0.2323	0.2917	0.1843	0.0762	0.0263	0.0055	0.0246	0.0328	0.0639	0.1615	0.2563	0.2441	0.1005	0.0409	0.0246	0.026	0.0246
20	99.6911	0.001	0.0012	0.0048	0.0176	0.0704	0.1449	0	0.2809	0.2453	0.1596	0.0505	0.0192	0.0045	0.0326	0.0347	0.0601	0.0749	0.1659	0.2018	0	0.2124	0.0812	0.0389	0.0326	0.0326	0.0326
21	99.7886	0.0013	0.002	0.0054	0.0189	0.0569	0.1038	0.1384	0.2552	0.2215	0.1327	0.043	0.0166	0.0041	0.0457	0.0457	0.0575	0.0991	0.1287	0.1376	0.0991	0.1258	0.0724	0.0516	0.0457	0.0457	0.0457
