Allele	DPA1_02_09__DPB1_133_01
Version	2.0.2
Type	Standard
n_specificities	2
npep_u	0.913	0.087
npep_t	5000	5000
spec_ids	1	-1
L_core	9
L_N	0
L_C	0
CS_perL	1
pepL_lower	12
pepL_upper	21
n_diff_aa	20

PWM_norm.1	P1	P2	P3	P4	P5	P6	P7	P8	P9
A	0.0993	1.5309	1.6308	1.505	1.0951	5.7727	0.8823	1.0716	0.2352
C	0.0353	0.2313	0.2112	0.1519	0.1878	0.4537	0.1767	0.1676	0.0234
D	0.0659	0.7279	0.8635	0.3501	0.7446	0.0936	0.2948	1.1548	7.5425
E	0.0793	1.1412	0.4814	0.7517	1.0823	0.1311	1.0699	1.7758	6.7132
F	0.4008	1.0776	1.7785	0.469	0.6712	0.3613	0.5849	0.4391	0.2679
G	0.0556	0.2896	1.0765	0.3952	0.4888	0.9305	0.1945	0.5753	0.1686
H	0.0961	0.4051	0.5422	1.9221	0.5718	0.0666	2.8653	0.761	0.5583
I	0.1801	1.2629	1.5775	1.7312	1.5879	1.2502	0.7075	0.8166	0.1182
K	13.1209	1.8103	0.2992	2.7567	1.1953	0.0765	1.9968	1.3732	0.0989
L	0.141	1.5065	0.8125	0.5448	1.5862	0.5763	1.3123	0.713	0.1341
M	0.1273	0.8577	0.5726	0.5956	0.846	0.2694	0.5027	0.4992	0.1246
N	0.0996	0.785	1.0208	0.7683	1.0191	0.1127	1.5674	1.1626	0.2366
P	0.0427	0.0744	0.5164	0.6913	0.8894	2.3638	0.1936	1.0352	0.0694
Q	0.1015	1.127	0.7434	0.865	1.1022	0.0692	3.8241	1.2969	0.369
R	2.5678	1.0844	0.1341	0.4387	0.5705	0.0508	1.4249	1.6726	0.0698
S	0.055	0.4634	1.1011	1.4964	0.5863	0.8759	0.3021	0.8561	0.171
T	0.0831	0.8737	0.6702	1.2683	1.2888	0.6003	0.3849	0.942	0.1417
V	0.1135	1.4324	2.1295	1.2757	1.4919	1.7693	0.795	0.9172	0.1314
W	0.054	1.2203	2.1086	0.6507	0.1695	0.0763	0.5624	0.4476	0.0949
Y	0.3495	1.5985	3.2508	0.4324	1.2956	0.2466	0.6301	0.8402	0.2928

PWM_norm.2	P9	P8	P7	P6	P5	P4	P3	P2	P1
A	0.3257	1.1425	1.2476	5.5842	1.0184	1.4352	0.8963	1.8626	0.2495
C	0.0772	0.2539	0.3192	0.6031	0.2045	0.3748	0.1762	0.3428	0.1093
D	5.0443	1.253	0.2573	0.1185	0.7288	0.5877	0.3814	0.4139	0.1796
E	6.9813	1.7733	0.7897	0.1776	1.0575	0.4736	0.3179	1.3226	0.2263
F	0.2977	0.7232	0.3343	0.7761	0.6281	0.7781	4.7028	1.0332	0.4908
G	0.4113	0.5391	0.2344	0.9189	0.5364	0.3147	0.6653	0.6053	0.1442
H	0.4879	0.8444	2.7762	0.1461	0.5999	5.3767	0.4377	0.4524	0.1965
I	0.2639	0.7808	1.4324	1.1523	1.6676	1.5241	1.0377	1.7328	0.279
K	0.2918	1.4237	1.5786	0.1383	1.4322	1.8956	0.316	1.1968	12.3405
L	0.1735	0.6781	1.0504	0.5947	1.4964	0.4528	2.0976	1.0928	0.239
M	0.2398	0.6379	0.5768	0.3244	0.9745	1.1151	0.6443	0.6215	0.2414
N	0.376	1.1648	0.9656	0.1805	0.9322	2.4595	0.4774	0.8078	0.3388
P	0.1539	0.8124	0.5722	2.1092	0.9529	0.1938	0.3139	0.6088	0.0968
Q	0.5259	1.3997	1.9325	0.1083	1.0996	0.5712	0.3894	0.9254	0.2411
R	0.2677	1.4929	1.5194	0.0973	0.7276	0.5019	0.1912	0.8723	1.6717
S	0.262	0.8236	0.3618	0.7818	0.5345	0.985	0.8092	0.8458	0.176
T	0.3429	0.9168	0.9314	0.6359	1.144	0.7927	1.4053	1.0257	0.17
V	0.2592	1.0375	1.955	1.7442	1.4059	1.4095	1.1007	1.2909	0.1577
W	0.1293	0.3715	0.4585	0.208	0.2815	0.7541	1.6299	0.5406	0.1099
Y	0.2596	0.6407	0.5886	0.3201	1.3156	0.8387	3.4519	0.8613	0.4468

pepL	alpha	w_s
12	99.5307	0.083	0.1488	0	0.3949	0.3733	0.3191	0.2311	0	0.3551	0.0947
13	98.9574	0.0263	0.0764	0.2382	0.4675	0.1916	0.2986	0.3626	0.1368	0.1653	0.0367
14	98.3293	0.0043	0.0259	0.161	0	0.4702	0.2976	0.0409	0.075	0.4753	0.3062	0	0.0775	0.0543	0.0116
15	98.0138	0.0017	0.0096	0.0839	0.3761	0.4093	0.0998	0.0197	0.0247	0.1824	0.5409	0.1811	0.0376	0.0237	0.0096
16	98.2233	8e-04	0.0022	0.03	0.2337	0	0.522	0.1562	0.0472	0.0079	0.0142	0.0382	0.3427	0.4747	0	0.0918	0.02	0.0102	0.0081
17	98.7349	8e-04	0.0019	0.0146	0.1152	0.4294	0.2806	0.114	0.0362	0.0072	0.013	0.0234	0.1237	0.5223	0.2209	0.0523	0.0192	0.0136	0.0115
18	99.2174	5e-04	0.0013	0.0066	0.0433	0.2908	0	0.3312	0.218	0.0767	0.0267	0.005	0.0144	0.0207	0.0564	0.2371	0.44	0	0.1507	0.0358	0.016	0.0144	0.0144
19	99.5134	0.001	0.0012	0.0074	0.029	0.145	0.2323	0.2917	0.1843	0.0762	0.0263	0.0055	0.0246	0.0328	0.0639	0.1615	0.2563	0.2441	0.1005	0.0409	0.0246	0.026	0.0246
20	99.6911	0.001	0.0012	0.0048	0.0176	0.0704	0.1449	0	0.2809	0.2453	0.1596	0.0505	0.0192	0.0045	0.0326	0.0347	0.0601	0.0749	0.1659	0.2018	0	0.2124	0.0812	0.0389	0.0326	0.0326	0.0326
21	99.7886	0.0013	0.002	0.0054	0.0189	0.0569	0.1038	0.1384	0.2552	0.2215	0.1327	0.043	0.0166	0.0041	0.0457	0.0457	0.0575	0.0991	0.1287	0.1376	0.0991	0.1258	0.0724	0.0516	0.0457	0.0457	0.0457
