Allele	DPA1_02_10__DPB1_29_01
Version	2.0.2
Type	Standard
n_specificities	2
npep_u	0.892	0.108
npep_t	5000	5000
spec_ids	1	-1
L_core	9
L_N	0
L_C	0
CS_perL	1
pepL_lower	12
pepL_upper	21
n_diff_aa	20

PWM_norm.1	P1	P2	P3	P4	P5	P6	P7	P8	P9
A	0.0993	1.5551	1.7974	1.6615	1.0951	5.6362	2.6696	1.3925	1.9124
C	0.0353	0.1682	0.182	0.1169	0.1878	0.5134	0.3046	0.1601	0.2096
D	0.0659	0.5213	0.7845	0.5039	0.7446	0.094	0.4204	0.7925	1.5247
E	0.0793	1.3484	0.5054	0.9425	1.0823	0.1464	0.8129	1.5742	1.0119
F	0.4008	1.0912	1.4565	0.2925	0.6712	0.1005	0.6755	0.4296	0.1456
G	0.0556	0.4197	1.4904	0.3908	0.4888	0.6512	0.4203	0.5348	0.4546
H	0.0961	0.5679	0.7004	1.6479	0.5718	0.0478	2.0593	0.9767	2.7424
I	0.1801	1.2759	1.0686	2.215	1.5879	1.8446	0.7143	0.969	0.3898
K	13.1209	1.2543	0.3528	1.944	1.1953	0.0597	1.1419	1.3955	0.1193
L	0.141	1.3834	0.7627	0.3726	1.5862	0.8063	1.0997	0.7296	0.4582
M	0.1273	0.713	0.6363	0.4901	0.846	0.4891	0.7992	0.6538	0.2898
N	0.0996	0.89	0.8505	0.8072	1.0191	0.07	1.1213	1.1569	5.5783
P	0.0427	0.1275	0.6601	0.7679	0.8894	1.7528	0.3856	0.9531	0.2345
Q	0.1015	0.8251	0.7412	0.7009	1.1022	0.0692	2.3433	1.3025	0.9509
R	2.5678	0.9781	0.1809	0.2724	0.5705	0.0376	1.1337	1.3779	0.147
S	0.055	0.7188	1.1692	1.8595	0.5863	0.676	0.6207	0.9151	2.1509
T	0.0831	1.2653	0.848	1.3516	1.2888	0.4504	0.4675	1.078	0.6641
V	0.1135	1.5581	1.7611	1.4674	1.4919	2.6602	1.0211	1.0151	0.733
W	0.054	0.7123	2.8024	0.3209	0.1695	0.0246	0.5099	0.321	0.0781
Y	0.3495	1.5053	2.7491	0.2772	1.2956	0.078	0.6075	0.8207	0.1488

PWM_norm.2	P9	P8	P7	P6	P5	P4	P3	P2	P1
A	2.0791	1.337	2.4287	4.3253	1.0184	2.1544	1.3948	1.6924	0.2495
C	0.1444	0.2601	0.3775	0.4393	0.2045	0.3056	0.3664	0.4125	0.1093
D	1.3968	0.9792	0.3672	0.1859	0.7288	0.4754	0.633	0.3819	0.1796
E	0.9168	1.5111	0.732	0.1999	1.0575	0.5221	0.6953	1.3484	0.2263
F	0.1076	0.54	0.4219	0.3031	0.6281	0.8594	1.7482	0.9739	0.4908
G	0.4293	0.4876	0.3878	0.8403	0.5364	0.4489	0.7887	0.6484	0.1442
H	2.936	1.1171	2.3391	0.1594	0.5999	4.5049	0.802	0.4828	0.1965
I	0.3191	0.8592	0.8528	1.69	1.6676	1.4249	1.1164	1.5687	0.279
K	0.1003	1.4441	1.0933	0.1275	1.4322	1.7176	0.6695	1.3138	12.3405
L	0.3649	0.6872	1.0396	1.0383	1.4964	0.445	1.333	0.9507	0.239
M	0.222	0.7705	0.8982	0.4686	0.9745	1.3472	0.9433	0.5475	0.2414
N	5.7949	1.115	0.9917	0.241	0.9322	1.5188	0.789	0.8469	0.3388
P	0.2168	0.7475	0.6049	2.1483	0.9529	0.2444	0.6135	0.728	0.0968
Q	0.9162	1.5271	2.3455	0.2178	1.0996	0.6113	0.743	0.9137	0.2411
R	0.1327	1.3655	1.1787	0.0931	0.7276	0.5686	0.408	0.999	1.6717
S	2.4037	0.8577	0.5906	0.7752	0.5345	0.9521	0.8861	0.9711	0.176
T	0.6571	1.1247	0.5885	0.8457	1.144	0.9179	1.084	1.0493	0.17
V	0.595	1.0785	1.2407	2.1461	1.4059	1.3853	1.3097	1.2484	0.1577
W	0.06	0.3532	0.4806	0.0638	0.2815	0.9342	3.1755	0.4877	0.1099
Y	0.1173	0.7747	0.5763	0.1295	1.3156	0.6451	2.4767	0.8721	0.4468

pepL	alpha	w_s
12	99.5307	0.083	0.1488	0	0.3949	0.3733	0.3191	0.2311	0	0.3551	0.0947
13	98.9574	0.0263	0.0764	0.2382	0.4675	0.1916	0.2986	0.3626	0.1368	0.1653	0.0367
14	98.3293	0.0043	0.0259	0.161	0	0.4702	0.2976	0.0409	0.075	0.4753	0.3062	0	0.0775	0.0543	0.0116
15	98.0138	0.0017	0.0096	0.0839	0.3761	0.4093	0.0998	0.0197	0.0247	0.1824	0.5409	0.1811	0.0376	0.0237	0.0096
16	98.2233	8e-04	0.0022	0.03	0.2337	0	0.522	0.1562	0.0472	0.0079	0.0142	0.0382	0.3427	0.4747	0	0.0918	0.02	0.0102	0.0081
17	98.7349	8e-04	0.0019	0.0146	0.1152	0.4294	0.2806	0.114	0.0362	0.0072	0.013	0.0234	0.1237	0.5223	0.2209	0.0523	0.0192	0.0136	0.0115
18	99.2174	5e-04	0.0013	0.0066	0.0433	0.2908	0	0.3312	0.218	0.0767	0.0267	0.005	0.0144	0.0207	0.0564	0.2371	0.44	0	0.1507	0.0358	0.016	0.0144	0.0144
19	99.5134	0.001	0.0012	0.0074	0.029	0.145	0.2323	0.2917	0.1843	0.0762	0.0263	0.0055	0.0246	0.0328	0.0639	0.1615	0.2563	0.2441	0.1005	0.0409	0.0246	0.026	0.0246
20	99.6911	0.001	0.0012	0.0048	0.0176	0.0704	0.1449	0	0.2809	0.2453	0.1596	0.0505	0.0192	0.0045	0.0326	0.0347	0.0601	0.0749	0.1659	0.2018	0	0.2124	0.0812	0.0389	0.0326	0.0326	0.0326
21	99.7886	0.0013	0.002	0.0054	0.0189	0.0569	0.1038	0.1384	0.2552	0.2215	0.1327	0.043	0.0166	0.0041	0.0457	0.0457	0.0575	0.0991	0.1287	0.1376	0.0991	0.1258	0.0724	0.0516	0.0457	0.0457	0.0457
