Allele	DPA1_03_01__DPB1_677_01
Version	2.0.2
Type	Standard
n_specificities	1
npep_u	1
npep_t	5000
spec_ids	1
L_core	9
L_N	0
L_C	0
CS_perL	1
pepL_lower	12
pepL_upper	21
n_diff_aa	20

PWM_norm.1	P1	P2	P3	P4	P5	P6	P7	P8	P9
A	0.1462	1.3793	1.616	1.1784	0.9702	0.8216	1.3568	1.0716	0.666
C	0.0609	0.1717	0.1949	0.1336	0.2154	0.2091	0.2475	0.1676	0.4323
D	0.0389	0.9514	0.9515	1.7103	1.3515	0.0728	0.385	1.1548	1.1984
E	0.0711	1.3606	0.3797	4.4238	1.0819	0.1628	2.161	1.7758	0.622
F	7.7659	0.8984	1.8315	0.1457	0.661	2.48	0.2284	0.4391	1.2102
G	0.0485	0.4335	1.885	0.3859	0.4902	0.1508	0.5741	0.5753	0.2893
H	0.3007	1.1369	1.1531	0.4616	1.2079	0.2875	0.6638	0.761	0.2607
I	2.8745	1.4521	0.59	0.875	0.8291	3.5274	0.9051	0.8166	3.7799
K	0.0362	1.0362	0.3403	0.1517	1.6289	0.0559	0.7369	1.3732	0.1026
L	2.5627	0.9969	0.4456	0.3001	1.2137	2.9862	2.2579	0.713	2.4482
M	1.7178	0.8051	0.6533	0.257	0.7041	4.8953	0.7296	0.4992	1.7356
N	0.0938	0.7417	0.88	0.8904	1.2062	0.28	1.7802	1.1626	0.2776
P	0.0334	0.067	0.4423	0.1445	0.9618	0.2486	0.2402	1.0352	0.1595
Q	0.1625	1.1665	0.7395	0.7165	1.4046	0.294	1.3776	1.2969	0.2016
R	0.0724	1.0597	0.2617	0.0791	0.9716	0.0525	0.4149	1.6726	0.0965
S	0.05	0.7984	1.441	1.4746	0.7646	0.2824	0.7141	0.8561	0.2919
T	0.0934	1.0391	0.7827	2.0688	1.0787	0.3397	0.536	0.942	0.7613
V	0.8828	1.7257	1.3105	1.1449	0.8593	2.3357	1.2942	0.9172	2.7935
W	3.4531	1.5797	3.458	0.1398	0.2859	0.3112	0.1352	0.4476	0.5704
Y	5.9798	1.3422	3.6269	0.0964	1.1017	1.1912	0.2363	0.8402	1.8411

pepL	alpha	w_s
12	99.5307	0.083	0.1488	0	0.3949	0.3733
13	98.9574	0.0263	0.0764	0.2382	0.4675	0.1916
14	98.3293	0.0043	0.0259	0.161	0	0.4702	0.2976	0.0409
15	98.0138	0.0017	0.0096	0.0839	0.3761	0.4093	0.0998	0.0197
16	98.2233	8e-04	0.0022	0.03	0.2337	0	0.522	0.1562	0.0472	0.0079
17	98.7349	8e-04	0.0019	0.0146	0.1152	0.4294	0.2806	0.114	0.0362	0.0072
18	99.2174	5e-04	0.0013	0.0066	0.0433	0.2908	0	0.3312	0.218	0.0767	0.0267	0.005
19	99.5134	0.001	0.0012	0.0074	0.029	0.145	0.2323	0.2917	0.1843	0.0762	0.0263	0.0055
20	99.6911	0.001	0.0012	0.0048	0.0176	0.0704	0.1449	0	0.2809	0.2453	0.1596	0.0505	0.0192	0.0045
21	99.7886	0.0013	0.002	0.0054	0.0189	0.0569	0.1038	0.1384	0.2552	0.2215	0.1327	0.043	0.0166	0.0041
