Allele	DPA1_02_06__DPB1_585_01
Version	2.0.2
Type	Standard
n_specificities	2
npep_u	0.96	0.04
npep_t	5000	5000
spec_ids	1	-1
L_core	9
L_N	0
L_C	0
CS_perL	1
pepL_lower	12
pepL_upper	21
n_diff_aa	20

PWM_norm.1	P1	P2	P3	P4	P5	P6	P7	P8	P9
A	0.3152	1.3793	1.616	1.1859	0.9585	1.5278	1.8628	1.0716	0.2177
C	0.1083	0.1717	0.1949	0.2946	0.1585	0.4387	0.1202	0.1676	0.0233
D	0.0734	0.9514	0.9515	0.5589	1.3735	0.2137	0.3069	1.1548	7.5501
E	0.0813	1.3606	0.3797	2.1866	1.1782	0.3564	2.0695	1.7758	6.8102
F	2.3717	0.8984	1.8315	0.4335	0.5397	1.2479	0.2427	0.4391	0.2374
G	0.0987	0.4335	1.885	0.3276	0.3943	0.3299	0.6481	0.5753	0.1741
H	0.1178	1.1369	1.1531	0.6592	1.1942	0.3489	0.4617	0.761	0.5095
I	5.7382	1.4521	0.59	1.993	0.8214	2.7918	1.0096	0.8166	0.1223
K	0.7624	1.0362	0.3403	0.5282	1.7516	0.1467	0.5778	1.3732	0.1036
L	3.0044	0.9969	0.4456	1.8715	1.1538	2.2183	2.3805	0.713	0.1302
M	2.5677	0.8051	0.6533	0.8418	0.5664	3.3979	1.2593	0.4992	0.123
N	0.1187	0.7417	0.88	0.738	1.2921	0.2823	1.2471	1.1626	0.2282
P	0.1464	0.067	0.4423	0.1672	0.9215	0.7324	0.1995	1.0352	0.0682
Q	0.132	1.1665	0.7395	0.6598	1.337	0.4631	1.4403	1.2969	0.3615
R	0.1874	1.0597	0.2617	0.204	1.0743	0.113	0.2676	1.6726	0.0699
S	0.0734	0.7984	1.441	0.9035	0.7992	0.5493	0.5699	0.8561	0.1583
T	0.2218	1.0391	0.7827	1.3726	1.104	0.5568	0.4106	0.942	0.1354
V	2.4211	1.7257	1.3105	1.8118	0.9437	2.709	1.374	0.9172	0.1278
W	0.4895	1.5797	3.458	0.434	0.172	0.3946	0.089	0.4476	0.0877
Y	1.0492	1.3422	3.6269	0.3136	0.9499	0.8449	0.264	0.8402	0.2264

PWM_norm.2	P9	P8	P7	P6	P5	P4	P3	P2	P1
A	0.3132	1.1425	1.506	0.5723	1.0524	1.0416	1.4726	1.3614	0.262
C	0.0731	0.2539	0.1144	0.1226	0.1789	0.4786	0.2049	0.2633	0.107
D	5.13	1.253	0.271	0.2225	1.2025	0.5049	0.9576	0.9222	0.0935
E	6.9585	1.7733	1.994	0.2376	1.2902	1.1571	0.4246	1.3381	0.1023
F	0.287	0.7232	0.3739	0.9978	0.5149	1.0683	1.8604	0.8855	2.4905
G	0.422	0.5391	0.4718	0.2492	0.4389	0.3701	1.7817	0.5249	0.1264
H	0.4794	0.8444	0.7586	0.3802	1.1309	0.7555	1.2732	1.2091	0.1359
I	0.2809	0.7808	1	2.0941	0.9057	2.1054	0.5641	1.4327	5.7222
K	0.3113	1.4237	0.6399	0.2721	1.8479	0.6142	0.3821	0.9811	0.5713
L	0.164	0.6781	2.2783	4.345	1.0531	1.7596	0.4925	0.9685	3.1793
M	0.2216	0.6379	1.0093	3.1278	0.619	1.6222	0.6847	0.8682	2.6081
N	0.3723	1.1648	1.4662	0.3092	1.3134	1.2306	0.8457	0.7812	0.1273
P	0.1561	0.8124	0.2715	0.5238	0.8312	0.3018	0.4175	0.1401	0.1621
Q	0.5242	1.3997	2.3632	1.4448	1.3279	0.968	0.8067	1.1622	0.1563
R	0.2571	1.4929	0.2975	0.1565	1.2271	0.3395	0.2851	1.0204	0.0805
S	0.257	0.8236	0.4992	0.301	0.7155	0.7108	1.3836	0.8522	0.0969
T	0.3428	0.9168	0.4433	0.5888	1.108	1.2154	0.8634	1.0539	0.2312
V	0.2553	1.0375	1.1174	1.2309	0.8974	1.6649	1.3074	1.5842	2.2208
W	0.1201	0.3715	0.1269	0.1747	0.2248	1.0464	3.3624	1.5304	0.6341
Y	0.2325	0.6407	0.4262	0.3791	0.8768	0.9451	3.7132	1.3619	1.0396

pepL	alpha	w_s
12	99.5307	0.083	0.1488	0	0.3949	0.3733	0.3191	0.2311	0	0.3551	0.0947
13	98.9574	0.0263	0.0764	0.2382	0.4675	0.1916	0.2986	0.3626	0.1368	0.1653	0.0367
14	98.3293	0.0043	0.0259	0.161	0	0.4702	0.2976	0.0409	0.075	0.4753	0.3062	0	0.0775	0.0543	0.0116
15	98.0138	0.0017	0.0096	0.0839	0.3761	0.4093	0.0998	0.0197	0.0247	0.1824	0.5409	0.1811	0.0376	0.0237	0.0096
16	98.2233	8e-04	0.0022	0.03	0.2337	0	0.522	0.1562	0.0472	0.0079	0.0142	0.0382	0.3427	0.4747	0	0.0918	0.02	0.0102	0.0081
17	98.7349	8e-04	0.0019	0.0146	0.1152	0.4294	0.2806	0.114	0.0362	0.0072	0.013	0.0234	0.1237	0.5223	0.2209	0.0523	0.0192	0.0136	0.0115
18	99.2174	5e-04	0.0013	0.0066	0.0433	0.2908	0	0.3312	0.218	0.0767	0.0267	0.005	0.0144	0.0207	0.0564	0.2371	0.44	0	0.1507	0.0358	0.016	0.0144	0.0144
19	99.5134	0.001	0.0012	0.0074	0.029	0.145	0.2323	0.2917	0.1843	0.0762	0.0263	0.0055	0.0246	0.0328	0.0639	0.1615	0.2563	0.2441	0.1005	0.0409	0.0246	0.026	0.0246
20	99.6911	0.001	0.0012	0.0048	0.0176	0.0704	0.1449	0	0.2809	0.2453	0.1596	0.0505	0.0192	0.0045	0.0326	0.0347	0.0601	0.0749	0.1659	0.2018	0	0.2124	0.0812	0.0389	0.0326	0.0326	0.0326
21	99.7886	0.0013	0.002	0.0054	0.0189	0.0569	0.1038	0.1384	0.2552	0.2215	0.1327	0.043	0.0166	0.0041	0.0457	0.0457	0.0575	0.0991	0.1287	0.1376	0.0991	0.1258	0.0724	0.0516	0.0457	0.0457	0.0457
