Allele	DPA1_03_01__DPB1_31_01
Version	2.0.2
Type	Standard
n_specificities	2
npep_u	0.934	0.066
npep_t	5000	5000
spec_ids	1	-1
L_core	9
L_N	0
L_C	0
CS_perL	1
pepL_lower	12
pepL_upper	21
n_diff_aa	20

PWM_norm.1	P1	P2	P3	P4	P5	P6	P7	P8	P9
A	0.194	1.3793	1.6811	1.4737	0.9268	0.8216	2.7007	1.0716	0.666
C	0.0443	0.1717	0.1966	0.1476	0.1753	0.2091	0.2558	0.1676	0.4323
D	0.09	0.9514	1.0145	1.9067	1.3556	0.0728	0.4518	1.1548	1.1984
E	0.106	1.3606	0.4305	3.6114	1.0607	0.1628	1.7631	1.7758	0.622
F	0.8851	0.8984	1.6495	0.1991	0.653	2.48	0.2374	0.4391	1.2102
G	0.0785	0.4335	1.6809	0.4985	0.5244	0.1508	0.7506	0.5753	0.2893
H	0.5898	1.1369	1.2596	0.5542	1.2267	0.2875	0.3045	0.761	0.2607
I	0.3644	1.4521	0.709	0.8624	0.7941	3.5274	0.8195	0.8166	3.7799
K	1.058	1.0362	0.4526	0.2829	1.731	0.0559	0.3825	1.3732	0.1026
L	0.3487	0.9969	0.4862	0.3535	1.1769	2.9862	2.0421	0.713	2.4482
M	0.2421	0.8051	0.7618	0.3276	0.6741	4.8953	0.8731	0.4992	1.7356
N	0.133	0.7417	0.847	0.9783	1.2785	0.28	1.1407	1.1626	0.2776
P	0.0821	0.067	0.5447	0.1842	0.9047	0.2486	0.2774	1.0352	0.1595
Q	0.3495	1.1665	0.8312	0.7132	1.4052	0.294	0.9107	1.2969	0.2016
R	12.971	1.0597	0.3636	0.1389	1.0342	0.0525	0.2905	1.6726	0.0965
S	0.0968	0.7984	1.3552	1.3417	0.7992	0.2824	0.8599	0.8561	0.2919
T	0.1526	1.0391	0.8463	1.9899	1.0574	0.3397	0.6178	0.942	0.7613
V	0.234	1.7257	1.283	1.2687	0.8517	2.3357	1.3909	0.9172	2.7935
W	0.1262	1.5797	2.3889	0.1945	0.2603	0.3112	0.0926	0.4476	0.5704
Y	0.531	1.3422	3.2733	0.1481	1.0691	1.1912	0.2356	0.8402	1.8411

PWM_norm.2	P9	P8	P7	P6	P5	P4	P3	P2	P1
A	0.6733	1.1425	2.406	0.2028	1.0529	1.2332	1.5917	1.3614	0.391
C	0.4609	0.2539	0.2396	0.0715	0.1775	0.2626	0.1782	0.2633	0.0595
D	1.2244	1.253	0.4549	0.0843	1.155	1.806	0.9724	0.9222	0.1189
E	0.6173	1.7733	1.5546	0.0863	1.1453	1.7942	0.4545	1.3381	0.1844
F	1.1376	0.7232	0.4192	4.6118	0.6479	0.796	1.5383	0.8855	0.5186
G	0.3429	0.5391	0.4789	0.0917	0.6085	0.6144	1.7592	0.5249	0.0848
H	0.3009	0.8444	0.4766	0.2357	1.0847	0.9406	1.2457	1.2091	0.3995
I	3.7776	0.7808	0.9323	2.2481	0.9402	0.8873	0.5804	1.4327	0.2209
K	0.1145	1.4237	0.4236	0.0787	1.8151	0.5659	0.4359	0.9811	0.6142
L	2.27	0.6781	1.8257	4.2205	0.985	0.3805	0.5092	0.9685	0.2813
M	1.7159	0.6379	0.7299	3.2569	0.7888	0.7305	0.655	0.8682	0.2103
N	0.3671	1.1648	1.1733	0.291	1.2614	2.1008	0.8327	0.7812	0.1433
P	0.2008	0.8124	0.7202	0.1712	0.8918	0.4859	0.5152	0.1401	0.0621
Q	0.22	1.3997	1.2198	0.6403	1.3572	0.8931	0.915	1.1622	0.2396
R	0.1105	1.4929	0.2912	0.0512	1.1248	0.3434	0.3332	1.0204	13.9761
S	0.328	0.8236	0.7842	0.1312	0.7121	1.1034	1.4178	0.8522	0.0881
T	0.8366	0.9168	0.8523	0.4616	1.1711	2.0592	0.8862	1.0539	0.1076
V	2.7319	1.0375	1.4673	0.9139	0.8208	1.3103	1.2905	1.5842	0.1617
W	0.7309	0.3715	0.1628	0.908	0.2626	0.5514	2.4427	1.5304	0.1105
Y	1.8589	0.6407	0.3769	2.0089	1.0657	0.6127	3.4366	1.3619	0.2538

pepL	alpha	w_s
12	99.5307	0.083	0.1488	0	0.3949	0.3733	0.3191	0.2311	0	0.3551	0.0947
13	98.9574	0.0263	0.0764	0.2382	0.4675	0.1916	0.2986	0.3626	0.1368	0.1653	0.0367
14	98.3293	0.0043	0.0259	0.161	0	0.4702	0.2976	0.0409	0.075	0.4753	0.3062	0	0.0775	0.0543	0.0116
15	98.0138	0.0017	0.0096	0.0839	0.3761	0.4093	0.0998	0.0197	0.0247	0.1824	0.5409	0.1811	0.0376	0.0237	0.0096
16	98.2233	8e-04	0.0022	0.03	0.2337	0	0.522	0.1562	0.0472	0.0079	0.0142	0.0382	0.3427	0.4747	0	0.0918	0.02	0.0102	0.0081
17	98.7349	8e-04	0.0019	0.0146	0.1152	0.4294	0.2806	0.114	0.0362	0.0072	0.013	0.0234	0.1237	0.5223	0.2209	0.0523	0.0192	0.0136	0.0115
18	99.2174	5e-04	0.0013	0.0066	0.0433	0.2908	0	0.3312	0.218	0.0767	0.0267	0.005	0.0144	0.0207	0.0564	0.2371	0.44	0	0.1507	0.0358	0.016	0.0144	0.0144
19	99.5134	0.001	0.0012	0.0074	0.029	0.145	0.2323	0.2917	0.1843	0.0762	0.0263	0.0055	0.0246	0.0328	0.0639	0.1615	0.2563	0.2441	0.1005	0.0409	0.0246	0.026	0.0246
20	99.6911	0.001	0.0012	0.0048	0.0176	0.0704	0.1449	0	0.2809	0.2453	0.1596	0.0505	0.0192	0.0045	0.0326	0.0347	0.0601	0.0749	0.1659	0.2018	0	0.2124	0.0812	0.0389	0.0326	0.0326	0.0326
21	99.7886	0.0013	0.002	0.0054	0.0189	0.0569	0.1038	0.1384	0.2552	0.2215	0.1327	0.043	0.0166	0.0041	0.0457	0.0457	0.0575	0.0991	0.1287	0.1376	0.0991	0.1258	0.0724	0.0516	0.0457	0.0457	0.0457
