Allele	DPA1_02_06__DPB1_728_01
Version	2.0.2
Type	Standard
n_specificities	2
npep_u	0.852	0.148
npep_t	5000	5000
spec_ids	1	-1
L_core	9
L_N	0
L_C	0
CS_perL	1
pepL_lower	12
pepL_upper	21
n_diff_aa	20

PWM_norm.1	P1	P2	P3	P4	P5	P6	P7	P8	P9
A	0.0993	1.5551	1.7974	1.3264	1.4491	5.8642	4.285	1.3925	1.9124
C	0.0353	0.1682	0.182	0.0911	0.151	0.4458	0.3042	0.1601	0.2096
D	0.0659	0.5213	0.7845	1.5276	0.8357	0.0805	0.5146	0.7925	1.5247
E	0.0793	1.3484	0.5054	3.0796	0.9909	0.1516	1.2707	1.5742	1.0119
F	0.4008	1.0912	1.4565	0.0958	0.6954	0.0798	0.4767	0.4296	0.1456
G	0.0556	0.4197	1.4904	0.3315	0.3951	0.6629	0.7121	0.5348	0.4546
H	0.0961	0.5679	0.7004	0.2462	0.4889	0.0495	0.2782	0.9767	2.7424
I	0.1801	1.2759	1.0686	2.1714	1.4578	1.6782	0.7985	0.969	0.3898
K	13.1209	1.2543	0.3528	0.096	1.1945	0.0494	0.2822	1.3955	0.1193
L	0.141	1.3834	0.7627	0.2709	1.6481	0.6581	1.4223	0.7296	0.4582
M	0.1273	0.713	0.6363	0.2755	0.9201	0.4249	1.0021	0.6538	0.2898
N	0.0996	0.89	0.8505	0.5571	0.8834	0.0871	0.7026	1.1569	5.5783
P	0.0427	0.1275	0.6601	0.6469	1.0396	2.0955	0.3507	0.9531	0.2345
Q	0.1015	0.8251	0.7412	0.3334	0.9483	0.0773	0.8023	1.3025	0.9509
R	2.5678	0.9781	0.1809	0.0453	0.7424	0.0328	0.3647	1.3779	0.147
S	0.055	0.7188	1.1692	1.853	0.5924	0.7076	0.7621	0.9151	2.1509
T	0.0831	1.2653	0.848	2.1604	0.9774	0.3884	0.6059	1.078	0.6641
V	0.1135	1.5581	1.7611	1.5194	1.4308	2.4671	1.3347	1.0151	0.733
W	0.054	0.7123	2.8024	0.0497	0.2062	0.0205	0.1357	0.321	0.0781
Y	0.3495	1.5053	2.7491	0.0579	1.165	0.0662	0.4293	0.8207	0.1488

PWM_norm.2	P9	P8	P7	P6	P5	P4	P3	P2	P1
A	2.0791	1.337	4.1291	4.5878	1.266	2.1151	1.3948	1.6924	0.2495
C	0.1444	0.2601	0.2815	0.3051	0.1433	0.3639	0.3664	0.4125	0.1093
D	1.3968	0.9792	0.4225	0.1675	0.7677	1.6538	0.633	0.3819	0.1796
E	0.9168	1.5111	1.0127	0.181	0.9925	1.318	0.6953	1.3484	0.2263
F	0.1076	0.54	0.3566	0.1573	0.692	0.3747	1.7482	0.9739	0.4908
G	0.4293	0.4876	0.5637	0.8502	0.432	0.4065	0.7887	0.6484	0.1442
H	2.936	1.1171	0.3136	0.1425	0.5409	0.5282	0.802	0.4828	0.1965
I	0.3191	0.8592	0.8189	1.5565	1.6214	1.8953	1.1164	1.5687	0.279
K	0.1003	1.4441	0.2704	0.0886	1.3886	0.1435	0.6695	1.3138	12.3405
L	0.3649	0.6872	1.2191	0.9468	1.5827	0.4059	1.333	0.9507	0.239
M	0.222	0.7705	1.0244	0.3473	0.9124	1.0796	0.9433	0.5475	0.2414
N	5.7949	1.115	0.5197	0.271	0.8299	2.0596	0.789	0.8469	0.3388
P	0.2168	0.7475	1.2312	2.4928	1.0258	0.7724	0.6135	0.728	0.0968
Q	0.9162	1.5271	0.6186	0.2588	0.932	0.4107	0.743	0.9137	0.2411
R	0.1327	1.3655	0.3344	0.0556	0.7901	0.1027	0.408	0.999	1.6717
S	2.4037	0.8577	0.7528	0.841	0.5538	1.2138	0.8861	0.9711	0.176
T	0.6571	1.1247	0.8643	0.7614	1.0023	1.7378	1.084	1.0493	0.17
V	0.595	1.0785	1.5986	1.9766	1.4825	1.8481	1.3097	1.2484	0.1577
W	0.06	0.3532	0.1969	0.0292	0.2546	0.1552	3.1755	0.4877	0.1099
Y	0.1173	0.7747	0.3599	0.0767	1.156	0.1844	2.4767	0.8721	0.4468

pepL	alpha	w_s
12	99.5307	0.083	0.1488	0	0.3949	0.3733	0.3191	0.2311	0	0.3551	0.0947
13	98.9574	0.0263	0.0764	0.2382	0.4675	0.1916	0.2986	0.3626	0.1368	0.1653	0.0367
14	98.3293	0.0043	0.0259	0.161	0	0.4702	0.2976	0.0409	0.075	0.4753	0.3062	0	0.0775	0.0543	0.0116
15	98.0138	0.0017	0.0096	0.0839	0.3761	0.4093	0.0998	0.0197	0.0247	0.1824	0.5409	0.1811	0.0376	0.0237	0.0096
16	98.2233	8e-04	0.0022	0.03	0.2337	0	0.522	0.1562	0.0472	0.0079	0.0142	0.0382	0.3427	0.4747	0	0.0918	0.02	0.0102	0.0081
17	98.7349	8e-04	0.0019	0.0146	0.1152	0.4294	0.2806	0.114	0.0362	0.0072	0.013	0.0234	0.1237	0.5223	0.2209	0.0523	0.0192	0.0136	0.0115
18	99.2174	5e-04	0.0013	0.0066	0.0433	0.2908	0	0.3312	0.218	0.0767	0.0267	0.005	0.0144	0.0207	0.0564	0.2371	0.44	0	0.1507	0.0358	0.016	0.0144	0.0144
19	99.5134	0.001	0.0012	0.0074	0.029	0.145	0.2323	0.2917	0.1843	0.0762	0.0263	0.0055	0.0246	0.0328	0.0639	0.1615	0.2563	0.2441	0.1005	0.0409	0.0246	0.026	0.0246
20	99.6911	0.001	0.0012	0.0048	0.0176	0.0704	0.1449	0	0.2809	0.2453	0.1596	0.0505	0.0192	0.0045	0.0326	0.0347	0.0601	0.0749	0.1659	0.2018	0	0.2124	0.0812	0.0389	0.0326	0.0326	0.0326
21	99.7886	0.0013	0.002	0.0054	0.0189	0.0569	0.1038	0.1384	0.2552	0.2215	0.1327	0.043	0.0166	0.0041	0.0457	0.0457	0.0575	0.0991	0.1287	0.1376	0.0991	0.1258	0.0724	0.0516	0.0457	0.0457	0.0457
