Allele	DPA1_02_02__DPB1_71_01
Version	2.0.2
Type	Standard
n_specificities	2
npep_u	0.977	0.023
npep_t	5000	5000
spec_ids	1	-1
L_core	9
L_N	0
L_C	0
CS_perL	1
pepL_lower	12
pepL_upper	21
n_diff_aa	20

PWM_norm.1	P1	P2	P3	P4	P5	P6	P7	P8	P9
A	0.1427	1.3793	1.616	1.1308	0.9311	0.7084	0.7246	1.0716	0.6846
C	0.0633	0.1717	0.1949	0.0951	0.2371	0.1796	0.1609	0.1676	0.3846
D	0.0333	0.9514	0.9515	0.4028	1.3369	0.0488	0.2583	1.1548	0.5847
E	0.0608	1.3606	0.3797	1.206	1.0387	0.1306	1.4141	1.7758	0.4567
F	6.8984	0.8984	1.8315	0.3464	0.6884	3.2679	0.3516	0.4391	1.249
G	0.0466	0.4335	1.885	0.3884	0.5188	0.1154	0.1992	0.5753	0.1888
H	0.1518	1.1369	1.1531	3.3082	1.2322	0.1694	2.7818	0.761	0.2012
I	2.9683	1.4521	0.59	0.8827	0.7928	3.1581	0.7311	0.8166	3.9554
K	0.1836	1.0362	0.3403	3.553	1.6911	0.0579	1.8476	1.3732	0.0857
L	2.4301	0.9969	0.4456	0.4069	1.089	3.5015	1.621	0.713	2.9075
M	2.09	0.8051	0.6533	0.3682	0.6693	4.4088	0.4305	0.4992	1.9113
N	0.0913	0.7417	0.88	1.0452	1.2932	0.1086	1.8641	1.1626	0.2586
P	0.0397	0.067	0.4423	0.1903	1.0639	0.2365	0.1215	1.0352	0.1293
Q	0.1008	1.1665	0.7395	0.9891	1.3376	0.1527	3.7174	1.2969	0.207
R	0.0441	1.0597	0.2617	0.7706	0.9942	0.047	1.1405	1.6726	0.0955
S	0.0429	0.7984	1.441	1.2054	0.7775	0.21	0.3149	0.8561	0.3248
T	0.0847	1.0391	0.7827	1.3382	1.237	0.265	0.3391	0.942	0.8283
V	0.9925	1.7257	1.3105	1.095	0.7717	1.9996	0.8366	0.9172	2.9775
W	2.3804	1.5797	3.458	0.5911	0.312	0.3992	0.3183	0.4476	0.5484
Y	7.5167	1.3422	3.6269	0.4174	1.1472	1.5199	0.4048	0.8402	0.9801

PWM_norm.2	P9	P8	P7	P6	P5	P4	P3	P2	P1
A	0.7192	1.1425	0.7332	0.198	0.9483	1.1368	1.4726	1.3614	0.1207
C	0.4543	0.2539	0.148	0.0688	0.2758	0.1911	0.2049	0.2633	0.0527
D	0.6788	1.253	0.1871	0.0657	1.2715	0.4713	0.9576	0.9222	0.0377
E	0.5053	1.7733	1.3116	0.0724	1.0875	0.7189	0.4246	1.3381	0.0723
F	1.1847	0.7232	0.3302	6.3192	0.6613	1.0462	1.8604	0.8855	7.0412
G	0.2833	0.5391	0.1661	0.082	0.5662	0.367	1.7817	0.5249	0.0555
H	0.2582	0.8444	3.1297	0.1791	1.0362	3.6146	1.2732	1.2091	0.1517
I	3.8078	0.7808	0.9116	1.91	0.902	0.8711	0.5641	1.4327	2.8467
K	0.1022	1.4237	1.7195	0.0782	1.793	2.9916	0.3821	0.9811	0.159
L	2.6139	0.6781	1.5596	3.8442	0.9983	0.4077	0.4925	0.9685	2.2886
M	2.0299	0.6379	0.302	3.1292	0.7792	0.7369	0.6847	0.8682	2.0428
N	0.3517	1.1648	1.718	0.1582	1.2945	1.5391	0.8457	0.7812	0.0903
P	0.1778	0.8124	0.1762	0.1545	1.0295	0.2418	0.4175	0.1401	0.0501
Q	0.2247	1.3997	3.7447	0.379	1.2686	0.9355	0.8067	1.1622	0.1153
R	0.1251	1.4929	1.151	0.058	1.0953	0.8084	0.2851	1.0204	0.0298
S	0.3658	0.8236	0.2774	0.1154	0.7127	0.952	1.3836	0.8522	0.0561
T	0.8472	0.9168	0.4347	0.3891	1.2678	1.2889	0.8634	1.0539	0.0998
V	2.9054	1.0375	0.9766	0.7781	0.7463	1.1146	1.3074	1.5842	0.9647
W	0.6473	0.3715	0.2748	1.3791	0.3601	1.443	3.3624	1.5304	2.5855
Y	1.1376	0.6407	0.5124	2.9253	1.1807	0.9705	3.7132	1.3619	8.0313

pepL	alpha	w_s
12	99.5307	0.083	0.1488	0	0.3949	0.3733	0.3191	0.2311	0	0.3551	0.0947
13	98.9574	0.0263	0.0764	0.2382	0.4675	0.1916	0.2986	0.3626	0.1368	0.1653	0.0367
14	98.3293	0.0043	0.0259	0.161	0	0.4702	0.2976	0.0409	0.075	0.4753	0.3062	0	0.0775	0.0543	0.0116
15	98.0138	0.0017	0.0096	0.0839	0.3761	0.4093	0.0998	0.0197	0.0247	0.1824	0.5409	0.1811	0.0376	0.0237	0.0096
16	98.2233	8e-04	0.0022	0.03	0.2337	0	0.522	0.1562	0.0472	0.0079	0.0142	0.0382	0.3427	0.4747	0	0.0918	0.02	0.0102	0.0081
17	98.7349	8e-04	0.0019	0.0146	0.1152	0.4294	0.2806	0.114	0.0362	0.0072	0.013	0.0234	0.1237	0.5223	0.2209	0.0523	0.0192	0.0136	0.0115
18	99.2174	5e-04	0.0013	0.0066	0.0433	0.2908	0	0.3312	0.218	0.0767	0.0267	0.005	0.0144	0.0207	0.0564	0.2371	0.44	0	0.1507	0.0358	0.016	0.0144	0.0144
19	99.5134	0.001	0.0012	0.0074	0.029	0.145	0.2323	0.2917	0.1843	0.0762	0.0263	0.0055	0.0246	0.0328	0.0639	0.1615	0.2563	0.2441	0.1005	0.0409	0.0246	0.026	0.0246
20	99.6911	0.001	0.0012	0.0048	0.0176	0.0704	0.1449	0	0.2809	0.2453	0.1596	0.0505	0.0192	0.0045	0.0326	0.0347	0.0601	0.0749	0.1659	0.2018	0	0.2124	0.0812	0.0389	0.0326	0.0326	0.0326
21	99.7886	0.0013	0.002	0.0054	0.0189	0.0569	0.1038	0.1384	0.2552	0.2215	0.1327	0.043	0.0166	0.0041	0.0457	0.0457	0.0575	0.0991	0.1287	0.1376	0.0991	0.1258	0.0724	0.0516	0.0457	0.0457	0.0457
