Allele	DPA1_04_01__DPB1_672_01
Version	2.0.2
Type	Standard
n_specificities	1
npep_u	1
npep_t	5000
spec_ids	1
L_core	9
L_N	0
L_C	0
CS_perL	1
pepL_lower	12
pepL_upper	21
n_diff_aa	20

PWM_norm.1	P1	P2	P3	P4	P5	P6	P7	P8	P9
A	0.194	1.3793	1.616	1.0168	1.1684	5.6806	2.8011	1.0727	0.3444
C	0.0443	0.1717	0.1949	0.1612	0.1184	0.388	0.1627	0.1763	0.0387
D	0.09	0.9514	0.9515	0.283	0.835	0.0929	0.3407	0.9873	6.3187
E	0.106	1.3606	0.3797	1.7626	1.2505	0.1475	1.6912	1.5134	6.4457
F	0.8851	0.8984	1.8315	0.3715	0.5144	0.3064	0.4126	0.5057	0.3307
G	0.0785	0.4335	1.885	0.1624	0.3026	1.237	0.6931	0.6957	0.352
H	0.5898	1.1369	1.1531	0.2432	0.6999	0.0986	0.4672	0.9952	0.656
I	0.3644	1.4521	0.59	2.7875	1.2846	0.9852	1.0797	0.8677	0.2458
K	1.058	1.0362	0.3403	0.4482	1.435	0.0897	0.4751	1.3882	0.1458
L	0.3487	0.9969	0.4456	2.8933	1.5361	0.4085	1.8963	0.7915	0.1919
M	0.2421	0.8051	0.6533	0.9838	0.621	0.2412	1.704	0.5751	0.2457
N	0.133	0.7417	0.88	0.322	1.0669	0.1772	0.8839	1.1008	0.2947
P	0.0821	0.067	0.4423	0.1107	0.9045	2.5513	0.2739	1.1143	0.1044
Q	0.3495	1.1665	0.7395	0.4038	1.0271	0.0966	1.369	1.2358	0.6884
R	12.971	1.0597	0.2617	0.126	0.9334	0.0613	0.3247	1.5974	0.1095
S	0.0968	0.7984	1.441	0.7255	0.6497	1.0695	0.5097	0.8211	0.2375
T	0.1526	1.0391	0.7827	1.218	0.9158	0.5903	0.4032	0.9401	0.2013
V	0.234	1.7257	1.3105	2.0328	1.6524	1.5196	1.3906	0.9462	0.2239
W	0.1262	1.5797	3.458	0.1616	0.122	0.0659	0.1302	0.4965	0.1217
Y	0.531	1.3422	3.6269	0.2147	0.9081	0.2093	0.4128	0.9597	0.3154

pepL	alpha	w_s
12	99.5307	0.083	0.1488	0	0.3949	0.3733
13	98.9574	0.0263	0.0764	0.2382	0.4675	0.1916
14	98.3293	0.0043	0.0259	0.161	0	0.4702	0.2976	0.0409
15	98.0138	0.0017	0.0096	0.0839	0.3761	0.4093	0.0998	0.0197
16	98.2233	8e-04	0.0022	0.03	0.2337	0	0.522	0.1562	0.0472	0.0079
17	98.7349	8e-04	0.0019	0.0146	0.1152	0.4294	0.2806	0.114	0.0362	0.0072
18	99.2174	5e-04	0.0013	0.0066	0.0433	0.2908	0	0.3312	0.218	0.0767	0.0267	0.005
19	99.5134	0.001	0.0012	0.0074	0.029	0.145	0.2323	0.2917	0.1843	0.0762	0.0263	0.0055
20	99.6911	0.001	0.0012	0.0048	0.0176	0.0704	0.1449	0	0.2809	0.2453	0.1596	0.0505	0.0192	0.0045
21	99.7886	0.0013	0.002	0.0054	0.0189	0.0569	0.1038	0.1384	0.2552	0.2215	0.1327	0.043	0.0166	0.0041
