Allele	DQA1_01_10__DQB1_06_107
Version	2.0.2
Type	Standard
n_specificities	1
npep_u	1
npep_t	5000
spec_ids	1
L_core	9
L_N	0
L_C	0
CS_perL	1
pepL_lower	12
pepL_upper	21
n_diff_aa	20

PWM_norm.1	P1	P2	P3	P4	P5	P6	P7	P8	P9
A	1.0211	1.2808	0.8459	2.9963	1.5467	1.6945	2.1165	1.6276	3.6585
C	0.1618	0.2343	0.1447	0.9299	0.1682	0.2379	0.1394	0.1686	0.3659
D	0.446	0.6718	0.9124	0.3588	0.8611	0.4137	0.4112	0.5135	0.6187
E	0.8128	1.0529	0.2278	0.297	1.0077	0.3654	1.0564	1.1878	0.3717
F	0.5217	0.4387	0.4183	0.9298	0.5233	0.3367	0.694	0.611	0.2917
G	0.3839	0.7204	0.8267	0.4412	0.5576	0.2769	0.3535	0.9182	2.9973
H	0.7887	2.3658	0.5927	0.7334	1.3892	0.2013	2.2259	0.9602	0.4669
I	1.956	0.7795	0.268	2.0579	0.9941	3.0854	0.5599	1.0369	0.4769
K	0.1697	1.2785	0.2226	0.2053	1.8043	0.2214	0.7548	0.7414	0.1474
L	1.3363	0.4932	0.1269	0.7198	0.7717	1.9812	0.7385	0.6066	0.1896
M	0.8376	0.603	0.1903	1.3923	0.6809	1.9946	0.4572	0.5456	0.4902
N	3.7299	1.2535	0.2302	0.5357	1.226	0.4034	0.7818	0.9226	0.5577
P	0.1534	0.1379	0.2039	0.0951	0.4602	1.0074	0.3021	2.1016	0.2956
Q	1.7538	1.3996	0.5328	0.3669	1.3663	0.3535	2.8492	0.9458	1.8122
R	0.124	1.5494	0.0822	0.1448	1.121	0.1358	2.5824	0.9297	0.1348
S	1.6821	1.0295	2.7053	1.2369	0.8646	0.3682	0.6089	0.9815	2.2984
T	1.0271	1.8525	8.3954	2.0022	1.2473	1.0741	0.3982	1.2328	0.776
V	1.5452	0.9763	0.1354	2.717	1.3272	3.5115	0.8446	1.028	0.5167
W	0.271	1.5384	0.1673	0.63	0.2952	0.1066	0.6188	0.4807	0.0887
Y	0.3196	1.2034	0.2485	0.5723	0.7631	0.2202	1.4369	0.9989	0.178

pepL	alpha	w_s
12	99.5307	0.083	0.1488	0	0.3949	0.3733
13	98.9574	0.0263	0.0764	0.2382	0.4675	0.1916
14	98.3293	0.0043	0.0259	0.161	0	0.4702	0.2976	0.0409
15	98.0138	0.0017	0.0096	0.0839	0.3761	0.4093	0.0998	0.0197
16	98.2233	8e-04	0.0022	0.03	0.2337	0	0.522	0.1562	0.0472	0.0079
17	98.7349	8e-04	0.0019	0.0146	0.1152	0.4294	0.2806	0.114	0.0362	0.0072
18	99.2174	5e-04	0.0013	0.0066	0.0433	0.2908	0	0.3312	0.218	0.0767	0.0267	0.005
19	99.5134	0.001	0.0012	0.0074	0.029	0.145	0.2323	0.2917	0.1843	0.0762	0.0263	0.0055
20	99.6911	0.001	0.0012	0.0048	0.0176	0.0704	0.1449	0	0.2809	0.2453	0.1596	0.0505	0.0192	0.0045
21	99.7886	0.0013	0.002	0.0054	0.0189	0.0569	0.1038	0.1384	0.2552	0.2215	0.1327	0.043	0.0166	0.0041
