Allele	DQA1_03_04__DQB1_06_01
Version	2.0.2
Type	Standard
n_specificities	1
npep_u	1
npep_t	5000
spec_ids	1
L_core	9
L_N	0
L_C	0
CS_perL	1
pepL_lower	12
pepL_upper	21
n_diff_aa	20

PWM_norm.1	P1	P2	P3	P4	P5	P6	P7	P8	P9
A	0.8567	1.8736	3.3352	4.6228	1.5639	3.6984	1.8724	1.6276	2.475
C	0.2669	0.0913	0.2349	0.1125	0.0836	0.6367	0.4452	0.1686	0.3078
D	2.9907	0.8976	0.6073	0.1592	0.7052	0.0876	0.7058	0.5135	0.3731
E	1.9331	1.0371	0.4753	0.057	1.1932	0.1906	1.3779	1.1878	0.9412
F	1.1265	0.4697	0.6625	0.3479	0.442	0.271	0.6237	0.611	0.6385
G	0.5184	1.41	3.3836	5.9617	0.5757	0.424	0.7399	0.9182	1.2381
H	0.7951	1.9212	0.9894	0.1557	1.2166	0.1008	1.6443	0.9602	0.8895
I	1.3624	0.584	0.3345	0.1298	0.9006	1.8227	0.9281	1.0369	1.0973
K	0.3905	1.1341	0.3066	0.1102	1.447	0.091	0.5687	0.7414	0.6204
L	0.5685	0.3779	0.2692	0.0526	0.8391	0.532	0.6636	0.6066	0.7995
M	0.6768	0.6284	0.3647	0.0775	0.458	0.301	0.6553	0.5456	1.3298
N	0.6392	1.1163	0.7429	0.2984	0.756	0.1054	1.7279	0.9226	0.6191
P	1.1848	0.2133	0.8865	0.0891	0.4951	2.8491	0.5807	2.1016	0.1829
Q	0.8723	1.1638	0.6203	0.0527	1.104	0.083	1.5986	0.9458	1.0734
R	0.3085	1.123	0.8815	0.0981	1.1593	0.0562	1.1331	0.9297	1.2375
S	0.8262	1.2015	1.3555	1.9887	0.8994	0.7972	1.07	0.9815	1.5519
T	0.5936	1.549	0.5191	0.4668	1.0444	1.3528	0.74	1.2328	0.8003
V	1.5438	0.7427	0.486	0.3582	2.2492	3.1895	1.0446	1.028	1.1506
W	1.6486	0.8016	0.34	0.1076	0.3015	0.0536	0.7501	0.4807	0.2385
Y	1.2373	1.435	1.0008	0.0775	0.8248	0.172	0.7539	0.9989	0.6512

pepL	alpha	w_s
12	99.5307	0.083	0.1488	0	0.3949	0.3733
13	98.9574	0.0263	0.0764	0.2382	0.4675	0.1916
14	98.3293	0.0043	0.0259	0.161	0	0.4702	0.2976	0.0409
15	98.0138	0.0017	0.0096	0.0839	0.3761	0.4093	0.0998	0.0197
16	98.2233	8e-04	0.0022	0.03	0.2337	0	0.522	0.1562	0.0472	0.0079
17	98.7349	8e-04	0.0019	0.0146	0.1152	0.4294	0.2806	0.114	0.0362	0.0072
18	99.2174	5e-04	0.0013	0.0066	0.0433	0.2908	0	0.3312	0.218	0.0767	0.0267	0.005
19	99.5134	0.001	0.0012	0.0074	0.029	0.145	0.2323	0.2917	0.1843	0.0762	0.0263	0.0055
20	99.6911	0.001	0.0012	0.0048	0.0176	0.0704	0.1449	0	0.2809	0.2453	0.1596	0.0505	0.0192	0.0045
21	99.7886	0.0013	0.002	0.0054	0.0189	0.0569	0.1038	0.1384	0.2552	0.2215	0.1327	0.043	0.0166	0.0041
