Allele	DQA1_01_10__DQB1_06_01
Version	2.0.2
Type	Standard
n_specificities	1
npep_u	1
npep_t	5000
spec_ids	1
L_core	9
L_N	0
L_C	0
CS_perL	1
pepL_lower	12
pepL_upper	21
n_diff_aa	20

PWM_norm.1	P1	P2	P3	P4	P5	P6	P7	P8	P9
A	1.0211	1.2808	1.966	4.4179	1.6801	1.9407	1.8724	1.6276	2.8126
C	0.1618	0.2343	0.2272	0.2179	0.1428	0.4234	0.4452	0.1686	0.3037
D	0.446	0.6718	0.4194	0.1836	0.8758	0.5522	0.7058	0.5135	0.3259
E	0.8128	1.0529	0.2764	0.0826	1.3435	0.38	1.3779	1.1878	0.6834
F	0.5217	0.4387	0.3041	0.4819	0.3701	0.3006	0.6237	0.611	0.8172
G	0.3839	0.7204	2.004	3.2098	0.4485	0.3741	0.7399	0.9182	1.4954
H	0.7887	2.3658	0.6908	0.4312	1.4203	0.2433	1.6443	0.9602	0.664
I	1.956	0.7795	0.2438	0.499	0.8979	2.5432	0.9281	1.0369	0.8582
K	0.1697	1.2785	0.245	0.1423	1.6967	0.2864	0.5687	0.7414	0.7175
L	1.3363	0.4932	0.1574	0.1039	0.7241	1.4129	0.6636	0.6066	0.6645
M	0.8376	0.603	0.1636	0.1643	0.4202	1.1481	0.6553	0.5456	1.3928
N	3.7299	1.2535	0.3776	0.3922	0.9712	0.4619	1.7279	0.9226	0.466
P	0.1534	0.1379	0.59	0.0694	0.2017	1.5218	0.5807	2.1016	0.1723
Q	1.7538	1.3996	0.3681	0.0807	1.472	0.2696	1.5986	0.9458	1.2774
R	0.124	1.5494	0.215	0.1502	1.0673	0.2127	1.1331	0.9297	1.4045
S	1.6821	1.0295	2.4012	2.3467	0.8794	0.5778	1.07	0.9815	1.5128
T	1.0271	1.8525	5.7769	1.2614	1.2253	1.4812	0.74	1.2328	0.7622
V	1.5452	0.9763	0.1423	1.5098	1.7329	3.2602	1.0446	1.028	0.9568
W	0.271	1.5384	0.2018	0.1867	0.306	0.1039	0.7501	0.4807	0.2568
Y	0.3196	1.2034	0.2906	0.131	0.6788	0.2077	0.7539	0.9989	0.6787

pepL	alpha	w_s
12	99.5307	0.083	0.1488	0	0.3949	0.3733
13	98.9574	0.0263	0.0764	0.2382	0.4675	0.1916
14	98.3293	0.0043	0.0259	0.161	0	0.4702	0.2976	0.0409
15	98.0138	0.0017	0.0096	0.0839	0.3761	0.4093	0.0998	0.0197
16	98.2233	8e-04	0.0022	0.03	0.2337	0	0.522	0.1562	0.0472	0.0079
17	98.7349	8e-04	0.0019	0.0146	0.1152	0.4294	0.2806	0.114	0.0362	0.0072
18	99.2174	5e-04	0.0013	0.0066	0.0433	0.2908	0	0.3312	0.218	0.0767	0.0267	0.005
19	99.5134	0.001	0.0012	0.0074	0.029	0.145	0.2323	0.2917	0.1843	0.0762	0.0263	0.0055
20	99.6911	0.001	0.0012	0.0048	0.0176	0.0704	0.1449	0	0.2809	0.2453	0.1596	0.0505	0.0192	0.0045
21	99.7886	0.0013	0.002	0.0054	0.0189	0.0569	0.1038	0.1384	0.2552	0.2215	0.1327	0.043	0.0166	0.0041
