Allele	DQA1_01_05__DQB1_06_49
Version	2.0.2
Type	Standard
n_specificities	1
npep_u	1
npep_t	5000
spec_ids	1
L_core	9
L_N	0
L_C	0
CS_perL	1
pepL_lower	12
pepL_upper	21
n_diff_aa	20

PWM_norm.1	P1	P2	P3	P4	P5	P6	P7	P8	P9
A	0.9151	1.2808	2.7339	5.592	1.9335	2.0141	2.039	1.6276	3.6585
C	0.2579	0.2343	0.1941	0.3924	0.1043	0.2614	0.1657	0.1686	0.3659
D	0.638	0.6718	0.6161	0.1684	0.7834	0.445	0.4721	0.5135	0.6187
E	1.2135	1.0529	0.4873	0.1014	1.0459	0.2985	0.9606	1.1878	0.3717
F	0.7081	0.4387	0.568	0.3958	0.3543	0.3328	0.6948	0.611	0.2917
G	0.4559	0.7204	5.5686	0.8943	0.4633	0.3038	0.3461	0.9182	2.9973
H	1.0266	2.3658	1.2729	0.3855	1.4497	0.157	2.1369	0.9602	0.4669
I	2.0023	0.7795	0.1646	0.8365	0.9399	3.2156	0.598	1.0369	0.4769
K	0.2754	1.2785	0.1978	0.0967	1.9238	0.1644	0.7186	0.7414	0.1474
L	1.1634	0.4932	0.2815	0.2291	0.7337	1.8453	0.7356	0.6066	0.1896
M	0.9329	0.603	0.3251	0.3974	0.4957	1.5675	0.5027	0.5456	0.4902
N	2.2931	1.2535	0.5142	0.4257	1.1129	0.3792	0.8303	0.9226	0.5577
P	0.2866	0.1379	1.3173	0.0549	0.2698	1.028	0.3739	2.1016	0.2956
Q	1.9564	1.3996	0.7271	0.1161	1.2949	0.2604	2.7696	0.9458	1.8122
R	0.272	1.5494	0.2686	0.0669	1.1538	0.1289	2.4947	0.9297	0.1348
S	1.2779	1.0295	0.8652	2.3814	0.8377	0.3795	0.6495	0.9815	2.2984
T	0.9117	1.8525	0.3085	1.5609	1.1436	1.2454	0.5018	1.2328	0.776
V	1.7904	0.9763	0.1447	1.9174	1.6408	3.4334	0.9278	1.028	0.5167
W	0.4581	1.5384	0.1255	0.1465	0.2691	0.0896	0.6859	0.4807	0.0887
Y	0.5068	1.2034	0.7931	0.1059	0.6289	0.2045	1.393	0.9989	0.178

pepL	alpha	w_s
12	99.5307	0.083	0.1488	0	0.3949	0.3733
13	98.9574	0.0263	0.0764	0.2382	0.4675	0.1916
14	98.3293	0.0043	0.0259	0.161	0	0.4702	0.2976	0.0409
15	98.0138	0.0017	0.0096	0.0839	0.3761	0.4093	0.0998	0.0197
16	98.2233	8e-04	0.0022	0.03	0.2337	0	0.522	0.1562	0.0472	0.0079
17	98.7349	8e-04	0.0019	0.0146	0.1152	0.4294	0.2806	0.114	0.0362	0.0072
18	99.2174	5e-04	0.0013	0.0066	0.0433	0.2908	0	0.3312	0.218	0.0767	0.0267	0.005
19	99.5134	0.001	0.0012	0.0074	0.029	0.145	0.2323	0.2917	0.1843	0.0762	0.0263	0.0055
20	99.6911	0.001	0.0012	0.0048	0.0176	0.0704	0.1449	0	0.2809	0.2453	0.1596	0.0505	0.0192	0.0045
21	99.7886	0.0013	0.002	0.0054	0.0189	0.0569	0.1038	0.1384	0.2552	0.2215	0.1327	0.043	0.0166	0.0041
