Allele	DQA1_04_05__DQB1_03_08
Version	2.0.2
Type	Standard
n_specificities	1
npep_u	1
npep_t	5000
spec_ids	1
L_core	9
L_N	0
L_C	0
CS_perL	1
pepL_lower	12
pepL_upper	21
n_diff_aa	20

PWM_norm.1	P1	P2	P3	P4	P5	P6	P7	P8	P9
A	1.2035	1.8736	2.2745	4.4344	1.8207	3.2789	2.1165	1.1886	0.6296
C	0.1361	0.0913	0.2321	0.6502	0.1007	0.5078	0.1394	0.1008	0.1248
D	0.1053	0.8976	1.1274	0.4576	0.6089	0.5824	0.4112	0.8078	4.3131
E	0.3403	1.0371	0.8603	0.2786	0.9222	0.3112	1.0564	1.5079	5.1703
F	2.3197	0.4697	1.0978	0.7748	0.5715	0.1835	0.694	0.6687	0.5311
G	0.1328	1.41	2.4014	1.0989	0.6291	0.6207	0.3535	0.8334	0.7632
H	0.2604	1.9212	0.7825	0.5021	1.2829	0.1207	2.2259	1.0018	0.7201
I	3.1559	0.584	0.7175	0.9081	0.935	1.7224	0.5599	0.9071	0.6966
K	0.1156	1.1341	0.3888	0.1849	1.4915	0.1311	0.7548	0.9592	0.2357
L	0.8401	0.3779	0.4914	0.4234	0.8012	0.5028	0.7385	0.8933	0.3544
M	1.2613	0.6284	0.7043	0.6528	0.5629	0.348	0.4572	0.6012	0.6147
N	0.0671	1.1163	0.7587	0.7928	0.7107	0.2555	0.7818	0.835	0.3738
P	2.7255	0.2133	0.8772	0.1847	0.8333	2.8413	0.3021	1.5301	0.2259
Q	0.249	1.1638	0.6829	0.2322	1.1711	0.1426	2.8492	1.016	0.8203
R	0.088	1.123	0.5608	0.113	1.17	0.0682	2.5824	1.3699	0.1997
S	0.2166	1.2015	1.0794	2.086	0.868	1.0447	0.6089	0.7793	0.4232
T	0.5383	1.549	0.7672	1.5854	1.139	1.2975	0.3982	0.9047	0.4402
V	2.7571	0.7427	1.1722	1.4783	1.7473	2.6486	0.8446	0.9768	0.5478
W	3.7871	0.8016	0.6778	0.267	0.3256	0.0571	0.6188	0.5195	0.3832
Y	3.1007	1.435	1.1254	0.2579	0.7263	0.1425	1.4369	1.3504	0.6791

pepL	alpha	w_s
12	99.5307	0.083	0.1488	0	0.3949	0.3733
13	98.9574	0.0263	0.0764	0.2382	0.4675	0.1916
14	98.3293	0.0043	0.0259	0.161	0	0.4702	0.2976	0.0409
15	98.0138	0.0017	0.0096	0.0839	0.3761	0.4093	0.0998	0.0197
16	98.2233	8e-04	0.0022	0.03	0.2337	0	0.522	0.1562	0.0472	0.0079
17	98.7349	8e-04	0.0019	0.0146	0.1152	0.4294	0.2806	0.114	0.0362	0.0072
18	99.2174	5e-04	0.0013	0.0066	0.0433	0.2908	0	0.3312	0.218	0.0767	0.0267	0.005
19	99.5134	0.001	0.0012	0.0074	0.029	0.145	0.2323	0.2917	0.1843	0.0762	0.0263	0.0055
20	99.6911	0.001	0.0012	0.0048	0.0176	0.0704	0.1449	0	0.2809	0.2453	0.1596	0.0505	0.0192	0.0045
21	99.7886	0.0013	0.002	0.0054	0.0189	0.0569	0.1038	0.1384	0.2552	0.2215	0.1327	0.043	0.0166	0.0041
