Allele	DQA1_05_01__DQB1_06_217
Version	2.0.2
Type	Standard
n_specificities	1
npep_u	1
npep_t	5000
spec_ids	1
L_core	9
L_N	0
L_C	0
CS_perL	1
pepL_lower	12
pepL_upper	21
n_diff_aa	20

PWM_norm.1	P1	P2	P3	P4	P5	P6	P7	P8	P9
A	0.822	1.8736	2.2745	2.8494	1.2609	2.6526	1.0466	1.0787	0.9222
C	0.2076	0.0913	0.2321	0.5826	0.1568	0.3156	0.303	0.0473	0.55
D	0.1697	0.8976	1.1274	0.6111	0.757	2.5889	0.6012	1.1457	2.4642
E	0.4045	1.0371	0.8603	0.4076	1.3179	1.2537	1.3764	1.1446	0.7201
F	4.7591	0.4697	1.0978	0.692	0.8003	0.2368	2.3626	2.3662	1.1037
G	0.1723	1.41	2.4014	0.8922	0.7232	0.5116	0.2832	0.4504	0.8677
H	1.0949	1.9212	0.7825	0.2204	1.3691	0.112	2.456	0.2283	0.5232
I	2.5138	0.584	0.7175	2.0183	0.8765	1.4201	0.9706	1.8072	3.3559
K	0.1579	1.1341	0.3888	0.1241	1.3408	0.1104	0.339	0.7696	0.1506
L	1.4159	0.3779	0.4914	0.7582	0.7169	0.6119	0.444	1.1918	1.2216
M	1.8092	0.6284	0.7043	0.7494	0.522	0.3518	0.4483	0.9484	1.2959
N	0.4815	1.1163	0.7587	0.701	0.631	0.3139	1.3338	0.7676	0.9485
P	0.5083	0.2133	0.8772	0.2116	0.6925	2.1321	2.084	1.2011	0.2131
Q	0.4913	1.1638	0.6829	0.2298	1.3172	0.2197	0.9368	0.7824	0.8525
R	0.0848	1.123	0.5608	0.0942	1.0609	0.0638	0.5676	0.8242	0.1329
S	0.2695	1.2015	1.0794	1.562	0.9837	0.8449	0.7342	0.4953	0.5506
T	0.3604	1.549	0.7672	2.0708	1.2015	1.0479	0.8637	0.6849	0.8119
V	1.4187	0.7427	1.1722	2.5091	1.7092	1.9749	1.0934	0.9713	2.0161
W	3.5406	0.8016	0.6778	0.1626	0.4458	0.0936	3.1014	0.4797	0.6581
Y	5.6178	1.435	1.1254	0.1851	0.8958	0.1976	1.6247	2.8844	0.9619

pepL	alpha	w_s
12	99.5307	0.083	0.1488	0	0.3949	0.3733
13	98.9574	0.0263	0.0764	0.2382	0.4675	0.1916
14	98.3293	0.0043	0.0259	0.161	0	0.4702	0.2976	0.0409
15	98.0138	0.0017	0.0096	0.0839	0.3761	0.4093	0.0998	0.0197
16	98.2233	8e-04	0.0022	0.03	0.2337	0	0.522	0.1562	0.0472	0.0079
17	98.7349	8e-04	0.0019	0.0146	0.1152	0.4294	0.2806	0.114	0.0362	0.0072
18	99.2174	5e-04	0.0013	0.0066	0.0433	0.2908	0	0.3312	0.218	0.0767	0.0267	0.005
19	99.5134	0.001	0.0012	0.0074	0.029	0.145	0.2323	0.2917	0.1843	0.0762	0.0263	0.0055
20	99.6911	0.001	0.0012	0.0048	0.0176	0.0704	0.1449	0	0.2809	0.2453	0.1596	0.0505	0.0192	0.0045
21	99.7886	0.0013	0.002	0.0054	0.0189	0.0569	0.1038	0.1384	0.2552	0.2215	0.1327	0.043	0.0166	0.0041
