Allele	DQA1_02_01__DQB1_06_14
Version	2.0.2
Type	Standard
n_specificities	1
npep_u	1
npep_t	5000
spec_ids	1
L_core	9
L_N	0
L_C	0
CS_perL	1
pepL_lower	12
pepL_upper	21
n_diff_aa	20

PWM_norm.1	P1	P2	P3	P4	P5	P6	P7	P8	P9
A	1.0121	1.8736	0.9841	3.5986	1.3808	2.3003	0.8359	1.6276	2.9664
C	0.3834	0.0913	0.1396	0.8271	0.098	0.4284	0.1914	0.1686	0.8136
D	0.5822	0.8976	1.0061	0.4809	0.6165	0.8216	0.9335	0.5135	1.0442
E	0.9216	1.0371	0.609	0.3582	1.0123	1.3413	0.8354	1.1878	0.3928
F	1.0874	0.4697	0.3024	0.8985	0.7983	0.6623	0.9002	0.611	0.3341
G	0.65	1.41	0.5778	0.8833	0.6907	0.4653	0.208	0.9182	1.8737
H	1.222	1.9212	0.2742	0.8611	1.5916	0.2279	1.9632	0.9602	0.3974
I	1.7884	0.584	0.4425	1.1208	0.8637	1.7486	1.073	1.0369	1.0072
K	0.3894	1.1341	0.2688	0.2213	1.5865	0.1804	0.6307	0.7414	0.174
L	0.7327	0.3779	0.1288	0.5298	0.7276	0.9074	0.5509	0.6066	0.5111
M	1.124	0.6284	0.1994	0.705	0.5012	0.8858	0.6403	0.5456	0.711
N	0.7248	1.1163	0.3799	0.8325	0.6754	0.4337	0.7173	0.9226	1.2249
P	1.1685	0.2133	0.2435	0.1628	0.807	1.5749	2.892	2.1016	0.2891
Q	1.5356	1.1638	0.332	0.3293	1.1103	0.3569	1.1683	0.9458	0.8191
R	0.5053	1.123	0.1598	0.1427	1.1747	0.0925	0.7169	0.9297	0.1502
S	0.7617	1.2015	3.0366	1.8104	1.0483	0.8613	0.8571	0.9815	2.0172
T	1.3587	1.549	7.0196	1.9016	0.9906	1.029	1.2487	1.2328	1.24
V	2.0169	0.7427	0.4076	1.8082	1.8785	2.6336	1.7244	1.028	1.287
W	1.3349	0.8016	0.6179	0.3769	0.3915	0.2248	1.0577	0.4807	0.1677
Y	1.5213	1.435	0.2105	0.3719	0.7131	0.5005	0.8916	0.9989	0.2864

pepL	alpha	w_s
12	99.5307	0.083	0.1488	0	0.3949	0.3733
13	98.9574	0.0263	0.0764	0.2382	0.4675	0.1916
14	98.3293	0.0043	0.0259	0.161	0	0.4702	0.2976	0.0409
15	98.0138	0.0017	0.0096	0.0839	0.3761	0.4093	0.0998	0.0197
16	98.2233	8e-04	0.0022	0.03	0.2337	0	0.522	0.1562	0.0472	0.0079
17	98.7349	8e-04	0.0019	0.0146	0.1152	0.4294	0.2806	0.114	0.0362	0.0072
18	99.2174	5e-04	0.0013	0.0066	0.0433	0.2908	0	0.3312	0.218	0.0767	0.0267	0.005
19	99.5134	0.001	0.0012	0.0074	0.029	0.145	0.2323	0.2917	0.1843	0.0762	0.0263	0.0055
20	99.6911	0.001	0.0012	0.0048	0.0176	0.0704	0.1449	0	0.2809	0.2453	0.1596	0.0505	0.0192	0.0045
21	99.7886	0.0013	0.002	0.0054	0.0189	0.0569	0.1038	0.1384	0.2552	0.2215	0.1327	0.043	0.0166	0.0041
