Allele	DQA1_05_06__DQB1_02_80
Version	2.0.2
Type	Standard
n_specificities	1
npep_u	1
npep_t	5000
spec_ids	1
L_core	9
L_N	0
L_C	0
CS_perL	1
pepL_lower	12
pepL_upper	21
n_diff_aa	20

PWM_norm.1	P1	P2	P3	P4	P5	P6	P7	P8	P9
A	1.2035	1.3409	1.6316	1.0238	0.8414	2.0326	0.8263	1.2974	0.6597
C	0.1361	0.0702	0.2619	0.7679	0.0681	0.2405	0.0955	0.0511	0.2386
D	0.1053	1.1034	1.6914	3.7033	1.3929	1.8878	4.0353	1.2642	1.1149
E	0.3403	1.5613	0.5459	1.8328	2.2266	3.2134	3.6859	1.0193	1.6604
F	2.3197	0.7848	2.0984	0.342	0.978	0.257	0.4036	1.2217	1.7434
G	0.1328	0.5711	1.7183	0.4114	1.1211	0.3009	0.6826	0.7522	0.3283
H	0.2604	1.8971	0.9407	0.1394	0.9414	0.2549	0.693	0.6853	0.3927
I	3.1559	0.9925	0.5699	2.613	0.6909	0.7993	0.6504	1.3474	1.9124
K	0.1156	0.7637	0.3953	0.0572	1.1356	0.115	0.1981	0.6719	0.1888
L	0.8401	0.6911	0.3395	1.3834	0.4949	0.5408	0.7426	1.2812	1.6675
M	1.2613	0.5369	1.0968	1.3399	0.4347	0.4194	0.2581	0.5296	3.602
N	0.0671	1.6515	0.6763	0.6858	1.109	0.3815	1.1587	0.73	0.416
P	2.7255	0.0928	0.4677	0.0577	0.6301	1.7993	0.769	1.6058	0.1395
Q	0.249	0.9704	1.267	0.9577	1.2288	0.6138	0.9448	0.9599	0.7692
R	0.088	1.7383	0.3471	0.0471	0.9113	0.0871	0.2226	1.1469	0.566
S	0.2166	1.1667	1.7246	0.3421	1.036	0.5823	0.5509	0.4811	0.5048
T	0.5383	1.2426	1.4542	0.7886	1.3018	0.9436	0.5054	0.6314	0.7017
V	2.7571	0.7468	0.7464	2.0351	0.719	2.047	0.6422	0.8744	1.0805
W	3.7871	0.6979	0.4729	0.1748	0.3239	0.0837	0.2425	0.5808	4.9004
Y	3.1007	1.1295	1.352	0.1305	1.1957	0.2183	0.8178	2.1577	1.8016

pepL	alpha	w_s
12	99.5307	0.083	0.1488	0	0.3949	0.3733
13	98.9574	0.0263	0.0764	0.2382	0.4675	0.1916
14	98.3293	0.0043	0.0259	0.161	0	0.4702	0.2976	0.0409
15	98.0138	0.0017	0.0096	0.0839	0.3761	0.4093	0.0998	0.0197
16	98.2233	8e-04	0.0022	0.03	0.2337	0	0.522	0.1562	0.0472	0.0079
17	98.7349	8e-04	0.0019	0.0146	0.1152	0.4294	0.2806	0.114	0.0362	0.0072
18	99.2174	5e-04	0.0013	0.0066	0.0433	0.2908	0	0.3312	0.218	0.0767	0.0267	0.005
19	99.5134	0.001	0.0012	0.0074	0.029	0.145	0.2323	0.2917	0.1843	0.0762	0.0263	0.0055
20	99.6911	0.001	0.0012	0.0048	0.0176	0.0704	0.1449	0	0.2809	0.2453	0.1596	0.0505	0.0192	0.0045
21	99.7886	0.0013	0.002	0.0054	0.0189	0.0569	0.1038	0.1384	0.2552	0.2215	0.1327	0.043	0.0166	0.0041
