Allele	DQA1_01_02__DQB1_05_04
Version	2.0.2
Type	Standard
n_specificities	1
npep_u	1
npep_t	5000
spec_ids	1
L_core	9
L_N	0
L_C	0
CS_perL	1
pepL_lower	12
pepL_upper	21
n_diff_aa	20

PWM_norm.1	P1	P2	P3	P4	P5	P6	P7	P8	P9
A	1.0211	0.8637	1.2887	0.7037	0.9598	1.5419	1.3929	1.0635	1.4156
C	0.1618	0.1565	0.1985	0.3752	0.3546	0.2309	0.5101	0.1266	0.0704
D	0.446	0.6607	2.0118	0.4847	1.1071	4.6298	0.6721	1.0335	4.2651
E	0.8128	1.2426	0.5569	0.3132	1.0994	0.5088	1.3956	1.4527	3.8
F	0.5217	0.4237	0.9941	4.8621	0.6897	0.1855	0.7833	0.8802	0.2278
G	0.3839	0.5516	2.5273	0.2957	0.6396	0.4262	0.6461	0.5405	1.231
H	0.7887	1.7746	4.5162	2.213	1.3558	0.1845	2.1934	0.6415	0.9674
I	1.956	0.6513	0.4452	1.5944	1.1277	2.3333	0.8556	0.929	0.3182
K	0.1697	1.5139	0.5176	0.3471	1.5329	0.3336	0.9693	1.638	0.1503
L	1.3363	0.4874	0.3841	0.8893	0.8976	1.1807	0.989	0.5579	0.1748
M	0.8376	0.4391	0.4607	2.3037	0.8482	0.802	0.8473	0.9184	0.2642
N	3.7299	0.8145	0.6609	0.5521	1.174	0.6377	1.6239	0.7567	0.5469
P	0.1534	0.0924	0.6193	0.1481	0.7247	0.9193	0.4083	1.251	0.1763
Q	1.7538	1.5878	2.0561	0.6356	1.3528	0.294	1.7994	0.8646	1.7408
R	0.124	1.8762	0.2354	0.2567	1.0024	0.1783	1.1717	1.4906	0.1062
S	1.6821	1.0887	0.9643	0.3002	0.7176	0.5504	0.7043	1.0376	1.0579
T	1.0271	1.9013	0.4727	0.5259	1.2401	1.0304	0.5633	1.1689	0.5214
V	1.5452	1.8104	0.2442	0.9424	1.2388	2.0153	0.9249	0.8706	0.3343
W	0.271	0.4839	0.3125	7.4085	0.416	0.1132	1.036	0.744	0.069
Y	0.3196	0.6916	2.117	5.5695	1.1697	0.1652	1.1051	1.2144	0.1184

pepL	alpha	w_s
12	99.5307	0.083	0.1488	0	0.3949	0.3733
13	98.9574	0.0263	0.0764	0.2382	0.4675	0.1916
14	98.3293	0.0043	0.0259	0.161	0	0.4702	0.2976	0.0409
15	98.0138	0.0017	0.0096	0.0839	0.3761	0.4093	0.0998	0.0197
16	98.2233	8e-04	0.0022	0.03	0.2337	0	0.522	0.1562	0.0472	0.0079
17	98.7349	8e-04	0.0019	0.0146	0.1152	0.4294	0.2806	0.114	0.0362	0.0072
18	99.2174	5e-04	0.0013	0.0066	0.0433	0.2908	0	0.3312	0.218	0.0767	0.0267	0.005
19	99.5134	0.001	0.0012	0.0074	0.029	0.145	0.2323	0.2917	0.1843	0.0762	0.0263	0.0055
20	99.6911	0.001	0.0012	0.0048	0.0176	0.0704	0.1449	0	0.2809	0.2453	0.1596	0.0505	0.0192	0.0045
21	99.7886	0.0013	0.002	0.0054	0.0189	0.0569	0.1038	0.1384	0.2552	0.2215	0.1327	0.043	0.0166	0.0041
