Allele	DQA1_02_01__DQB1_03_94
Version	2.0.2
Type	Standard
n_specificities	1
npep_u	1
npep_t	5000
spec_ids	1
L_core	9
L_N	0
L_C	0
CS_perL	1
pepL_lower	12
pepL_upper	21
n_diff_aa	20

PWM_norm.1	P1	P2	P3	P4	P5	P6	P7	P8	P9
A	1.084	1.8736	1.7758	4.4102	1.5639	3.3516	2.6939	1.6276	2.2392
C	0.1743	0.0913	0.2077	0.1682	0.0836	0.5171	0.2519	0.1686	0.7334
D	0.3506	0.8976	0.7195	0.2198	0.7052	0.1893	0.5261	0.5135	0.7491
E	0.6552	1.0371	0.4941	0.091	1.1932	0.3088	1.2602	1.1878	0.5997
F	1.4962	0.4697	0.3258	0.4962	0.442	0.1906	0.6355	0.611	0.2579
G	0.4004	1.41	1.2087	5.2059	0.5757	0.4349	0.7653	0.9182	2.071
H	0.7792	1.9212	0.5502	0.2819	1.2166	0.0991	1.0764	0.9602	0.8473
I	2.0748	0.584	0.4336	0.2154	0.9006	1.7139	0.8313	1.0369	1.0882
K	0.2107	1.1341	0.3498	0.1487	1.447	0.1186	0.463	0.7414	0.3379
L	0.6763	0.3779	0.1522	0.0806	0.8391	0.5943	0.6072	0.6066	0.3592
M	1.0279	0.6284	0.2013	0.1068	0.458	0.2802	0.5018	0.5456	0.4373
N	0.1366	1.1163	0.5479	0.3691	0.756	0.1297	1.2259	0.9226	1.5678
P	2.3567	0.2133	0.4318	0.0962	0.4951	2.7873	0.7225	2.1016	0.6319
Q	0.8835	1.1638	0.4002	0.0793	1.104	0.1098	1.553	0.9458	0.7341
R	0.4861	1.123	0.4274	0.1426	1.1593	0.067	1.0753	0.9297	0.2428
S	0.4603	1.2015	3.0505	2.0207	0.8994	0.9933	1.2269	0.9815	1.9993
T	1.3719	1.549	4.6404	0.7416	1.0444	1.2387	0.7284	1.2328	1.2373
V	2.5952	0.7427	0.3793	0.5773	2.2492	3.2666	1.0558	1.028	1.3242
W	1.7024	0.8016	0.6042	0.1641	0.3015	0.0527	0.572	0.4807	0.177
Y	1.9979	1.435	0.365	0.1233	0.8248	0.1373	0.7458	0.9989	0.3547

pepL	alpha	w_s
12	99.5307	0.083	0.1488	0	0.3949	0.3733
13	98.9574	0.0263	0.0764	0.2382	0.4675	0.1916
14	98.3293	0.0043	0.0259	0.161	0	0.4702	0.2976	0.0409
15	98.0138	0.0017	0.0096	0.0839	0.3761	0.4093	0.0998	0.0197
16	98.2233	8e-04	0.0022	0.03	0.2337	0	0.522	0.1562	0.0472	0.0079
17	98.7349	8e-04	0.0019	0.0146	0.1152	0.4294	0.2806	0.114	0.0362	0.0072
18	99.2174	5e-04	0.0013	0.0066	0.0433	0.2908	0	0.3312	0.218	0.0767	0.0267	0.005
19	99.5134	0.001	0.0012	0.0074	0.029	0.145	0.2323	0.2917	0.1843	0.0762	0.0263	0.0055
20	99.6911	0.001	0.0012	0.0048	0.0176	0.0704	0.1449	0	0.2809	0.2453	0.1596	0.0505	0.0192	0.0045
21	99.7886	0.0013	0.002	0.0054	0.0189	0.0569	0.1038	0.1384	0.2552	0.2215	0.1327	0.043	0.0166	0.0041
