Allele	DQA1_01_14__DQB1_03_02
Version	2.0.2
Type	Standard
n_specificities	1
npep_u	1
npep_t	5000
spec_ids	1
L_core	9
L_N	0
L_C	0
CS_perL	1
pepL_lower	12
pepL_upper	21
n_diff_aa	20

PWM_norm.1	P1	P2	P3	P4	P5	P6	P7	P8	P9
A	1.1047	1.2808	1.0702	2.1529	1.5359	1.6275	2.2375	1.1886	0.6719
C	0.454	0.2343	0.173	0.4762	0.2297	0.2792	0.2726	0.1008	0.1102
D	0.5477	0.6718	0.51	0.2304	0.9254	2.8098	0.6497	0.8078	4.0087
E	0.7144	1.0529	0.2444	0.1745	1.3365	0.5194	1.8137	1.5079	5.001
F	1.6532	0.4387	0.2688	0.4416	0.5295	0.1626	0.8663	0.6687	0.5283
G	0.3908	0.7204	0.9541	0.3562	0.4953	0.3625	0.7485	0.8334	0.8727
H	1.0006	2.3658	0.4024	0.2897	1.4259	0.1632	1.1215	1.0018	0.7878
I	2.4569	0.7795	0.2316	2.9771	0.8712	2.1561	0.79	0.9071	0.7232
K	0.3955	1.2785	0.1903	0.0889	1.5895	0.2675	0.5589	0.9592	0.2353
L	1.113	0.4932	0.1265	0.6445	0.6743	1.2821	0.6925	0.8933	0.3677
M	1.505	0.603	0.1464	0.6661	0.4667	0.924	0.4966	0.6012	0.6895
N	1.3913	1.2535	0.2267	0.4364	0.8845	0.6059	1.174	0.835	0.3833
P	0.8511	0.1379	0.2913	0.0731	0.2967	1.4331	0.5005	1.5301	0.2045
Q	1.0253	1.3996	0.3127	0.1713	1.6929	0.2866	1.4573	1.016	1.1269
R	0.3005	1.5494	0.0829	0.0723	0.9272	0.1499	0.895	1.3699	0.2138
S	0.7724	1.0295	2.2362	1.3151	0.9804	0.6042	1.1652	0.7793	0.4531
T	0.8569	1.8525	9.4187	2.4722	1.4506	1.1242	0.6913	0.9047	0.4211
V	1.762	0.9763	0.1234	4.56	1.3864	2.7873	0.9479	0.9768	0.5303
W	1.8876	1.5384	0.1706	0.1407	0.4293	0.0921	0.6321	0.5195	0.3237
Y	1.6424	1.2034	0.1701	0.1565	0.7396	0.1384	1.0777	1.3504	0.5725

pepL	alpha	w_s
12	99.5307	0.083	0.1488	0	0.3949	0.3733
13	98.9574	0.0263	0.0764	0.2382	0.4675	0.1916
14	98.3293	0.0043	0.0259	0.161	0	0.4702	0.2976	0.0409
15	98.0138	0.0017	0.0096	0.0839	0.3761	0.4093	0.0998	0.0197
16	98.2233	8e-04	0.0022	0.03	0.2337	0	0.522	0.1562	0.0472	0.0079
17	98.7349	8e-04	0.0019	0.0146	0.1152	0.4294	0.2806	0.114	0.0362	0.0072
18	99.2174	5e-04	0.0013	0.0066	0.0433	0.2908	0	0.3312	0.218	0.0767	0.0267	0.005
19	99.5134	0.001	0.0012	0.0074	0.029	0.145	0.2323	0.2917	0.1843	0.0762	0.0263	0.0055
20	99.6911	0.001	0.0012	0.0048	0.0176	0.0704	0.1449	0	0.2809	0.2453	0.1596	0.0505	0.0192	0.0045
21	99.7886	0.0013	0.002	0.0054	0.0189	0.0569	0.1038	0.1384	0.2552	0.2215	0.1327	0.043	0.0166	0.0041
