Allele	DQA1_01_03__DQB1_06_49
Version	2.0.2
Type	Standard
n_specificities	1
npep_u	1
npep_t	5000
spec_ids	1
L_core	9
L_N	0
L_C	0
CS_perL	1
pepL_lower	12
pepL_upper	21
n_diff_aa	20

PWM_norm.1	P1	P2	P3	P4	P5	P6	P7	P8	P9
A	1.0211	1.2808	1.6291	4.6879	1.9335	1.8151	2.039	1.6276	3.6585
C	0.1618	0.2343	0.224	0.5079	0.1043	0.2885	0.1657	0.1686	0.3659
D	0.446	0.6718	0.447	0.1864	0.7834	0.399	0.4721	0.5135	0.6187
E	0.8128	1.0529	0.2684	0.1333	1.0459	0.3688	0.9606	1.1878	0.3717
F	0.5217	0.4387	0.3199	0.4827	0.3543	0.3893	0.6948	0.611	0.2917
G	0.3839	0.7204	1.6334	0.7001	0.4633	0.321	0.3461	0.9182	2.9973
H	0.7887	2.3658	0.5794	0.6802	1.4497	0.2242	2.1369	0.9602	0.4669
I	1.956	0.7795	0.241	1.1194	0.9399	2.8895	0.598	1.0369	0.4769
K	0.1697	1.2785	0.2292	0.1187	1.9238	0.2348	0.7186	0.7414	0.1474
L	1.3363	0.4932	0.1535	0.3063	0.7337	1.8373	0.7356	0.6066	0.1896
M	0.8376	0.603	0.1635	0.4556	0.4957	1.6905	0.5027	0.5456	0.4902
N	3.7299	1.2535	0.344	0.4367	1.1129	0.4382	0.8303	0.9226	0.5577
P	0.1534	0.1379	0.4885	0.0491	0.2698	1.1333	0.3739	2.1016	0.2956
Q	1.7538	1.3996	0.3756	0.1652	1.2949	0.3188	2.7696	0.9458	1.8122
R	0.124	1.5494	0.1507	0.083	1.1538	0.1771	2.4947	0.9297	0.1348
S	1.6821	1.0295	2.4691	2.0987	0.8377	0.4298	0.6495	0.9815	2.2984
T	1.0271	1.8525	6.8224	1.9392	1.1436	1.2114	0.5018	1.2328	0.776
V	1.5452	0.9763	0.135	2.4908	1.6408	3.363	0.9278	1.028	0.5167
W	0.271	1.5384	0.1927	0.1959	0.2691	0.1252	0.6859	0.4807	0.0887
Y	0.3196	1.2034	0.2647	0.1527	0.6289	0.2351	1.393	0.9989	0.178

pepL	alpha	w_s
12	99.5307	0.083	0.1488	0	0.3949	0.3733
13	98.9574	0.0263	0.0764	0.2382	0.4675	0.1916
14	98.3293	0.0043	0.0259	0.161	0	0.4702	0.2976	0.0409
15	98.0138	0.0017	0.0096	0.0839	0.3761	0.4093	0.0998	0.0197
16	98.2233	8e-04	0.0022	0.03	0.2337	0	0.522	0.1562	0.0472	0.0079
17	98.7349	8e-04	0.0019	0.0146	0.1152	0.4294	0.2806	0.114	0.0362	0.0072
18	99.2174	5e-04	0.0013	0.0066	0.0433	0.2908	0	0.3312	0.218	0.0767	0.0267	0.005
19	99.5134	0.001	0.0012	0.0074	0.029	0.145	0.2323	0.2917	0.1843	0.0762	0.0263	0.0055
20	99.6911	0.001	0.0012	0.0048	0.0176	0.0704	0.1449	0	0.2809	0.2453	0.1596	0.0505	0.0192	0.0045
21	99.7886	0.0013	0.002	0.0054	0.0189	0.0569	0.1038	0.1384	0.2552	0.2215	0.1327	0.043	0.0166	0.0041
