Allele	DQA1_01_11__DQB1_06_206
Version	2.0.2
Type	Standard
n_specificities	1
npep_u	1
npep_t	5000
spec_ids	1
L_core	9
L_N	0
L_C	0
CS_perL	1
pepL_lower	12
pepL_upper	21
n_diff_aa	20

PWM_norm.1	P1	P2	P3	P4	P5	P6	P7	P8	P9
A	1.0211	1.2808	2.3983	4.4682	1.4023	1.107	0.8359	0.9026	1.0189
C	0.1618	0.2343	0.2366	0.5834	0.1506	0.1649	0.1914	0.1401	0.3796
D	0.446	0.6718	0.9117	0.2396	0.749	5.5065	0.9335	0.9226	2.0734
E	0.8128	1.0529	0.6323	0.1333	1.1231	0.9549	0.8354	1.5301	0.6612
F	0.5217	0.4387	0.7371	0.4941	0.7228	0.2666	0.9002	1.8747	1.6045
G	0.3839	0.7204	5.2043	0.5405	0.5184	0.2379	0.208	0.3714	0.7916
H	0.7887	2.3658	1.3449	0.4326	1.8197	0.1581	1.9632	0.3636	0.4991
I	1.956	0.7795	0.2229	1.3272	0.8396	2.7155	1.073	1.6124	3.2549
K	0.1697	1.2785	0.218	0.1153	1.8474	0.1707	0.6307	0.9709	0.1378
L	1.3363	0.4932	0.3651	0.3605	0.6342	1.4882	0.5509	0.8982	1.3957
M	0.8376	0.603	0.4594	0.5937	0.4569	1.1379	0.6403	1.6145	1.6793
N	3.7299	1.2535	0.5113	0.4948	0.8831	0.6769	0.7173	0.9003	0.6479
P	0.1534	0.1379	1.1924	0.088	0.3308	0.4028	2.892	0.9818	0.18
Q	1.7538	1.3996	0.829	0.148	1.3316	0.3556	1.1683	0.9665	1.1098
R	0.124	1.5494	0.214	0.0736	1.0735	0.0908	0.7169	0.8141	0.1264
S	1.6821	1.0295	0.7973	2.054	1.2213	0.2699	0.8571	0.5874	0.4675
T	1.0271	1.8525	0.3949	2.0165	1.103	0.785	1.2487	0.8755	0.6335
V	1.5452	0.9763	0.1879	2.5943	1.6274	1.8732	1.7244	1.1399	2.0006
W	0.271	1.5384	0.1797	0.1877	0.4573	0.1133	1.0577	0.6785	0.4674
Y	0.3196	1.2034	0.8897	0.1692	0.656	0.206	0.8916	2.636	1.2836

pepL	alpha	w_s
12	99.5307	0.083	0.1488	0	0.3949	0.3733
13	98.9574	0.0263	0.0764	0.2382	0.4675	0.1916
14	98.3293	0.0043	0.0259	0.161	0	0.4702	0.2976	0.0409
15	98.0138	0.0017	0.0096	0.0839	0.3761	0.4093	0.0998	0.0197
16	98.2233	8e-04	0.0022	0.03	0.2337	0	0.522	0.1562	0.0472	0.0079
17	98.7349	8e-04	0.0019	0.0146	0.1152	0.4294	0.2806	0.114	0.0362	0.0072
18	99.2174	5e-04	0.0013	0.0066	0.0433	0.2908	0	0.3312	0.218	0.0767	0.0267	0.005
19	99.5134	0.001	0.0012	0.0074	0.029	0.145	0.2323	0.2917	0.1843	0.0762	0.0263	0.0055
20	99.6911	0.001	0.0012	0.0048	0.0176	0.0704	0.1449	0	0.2809	0.2453	0.1596	0.0505	0.0192	0.0045
21	99.7886	0.0013	0.002	0.0054	0.0189	0.0569	0.1038	0.1384	0.2552	0.2215	0.1327	0.043	0.0166	0.0041
