Allele	DQA1_05_09__DQB1_03_251
Version	2.0.2
Type	Standard
n_specificities	1
npep_u	1
npep_t	5000
spec_ids	1
L_core	9
L_N	0
L_C	0
CS_perL	1
pepL_lower	12
pepL_upper	21
n_diff_aa	20

PWM_norm.1	P1	P2	P3	P4	P5	P6	P7	P8	P9
A	1.2035	1.8736	2.2745	2.8494	1.5962	3.4433	2.2375	1.2974	0.8149
C	0.1361	0.0913	0.2321	0.5826	0.1496	0.4281	0.2726	0.0511	0.3136
D	0.1053	0.8976	1.1274	0.6111	0.6693	0.346	0.6497	1.2642	4.2376
E	0.3403	1.0371	0.8603	0.4076	1.0311	0.2981	1.8137	1.0193	3.4722
F	2.3197	0.4697	1.0978	0.692	0.708	0.1634	0.8663	1.2217	0.7069
G	0.1328	1.41	2.4014	0.8922	0.6982	0.5353	0.7485	0.7522	0.96
H	0.2604	1.9212	0.7825	0.2204	1.2004	0.0889	1.1215	0.6853	0.6431
I	3.1559	0.584	0.7175	2.0183	0.9196	1.7138	0.79	1.3474	1.0667
K	0.1156	1.1341	0.3888	0.1241	1.2933	0.0976	0.5589	0.6719	0.2133
L	0.8401	0.3779	0.4914	0.7582	0.7761	0.5429	0.6925	1.2812	0.4754
M	1.2613	0.6284	0.7043	0.7494	0.5666	0.3107	0.4966	0.5296	0.8796
N	0.0671	1.1163	0.7587	0.701	0.6219	0.1514	1.174	0.73	0.4619
P	2.7255	0.2133	0.8772	0.2116	0.9535	3.1158	0.5005	1.6058	0.3038
Q	0.249	1.1638	0.6829	0.2298	1.2473	0.1164	1.4573	0.9599	0.743
R	0.088	1.123	0.5608	0.0942	1.0051	0.0538	0.895	1.1469	0.2241
S	0.2166	1.2015	1.0794	1.562	0.9077	0.9519	1.1652	0.4811	0.5136
T	0.5383	1.549	0.7672	2.0708	1.2412	1.1954	0.6913	0.6314	0.7163
V	2.7571	0.7427	1.1722	2.5091	1.7326	2.8377	0.9479	0.8744	0.8565
W	3.7871	0.8016	0.6778	0.1626	0.4452	0.0474	0.6321	0.5808	0.6948
Y	3.1007	1.435	1.1254	0.1851	0.8321	0.1246	1.0777	2.1577	1.0146

pepL	alpha	w_s
12	99.5307	0.083	0.1488	0	0.3949	0.3733
13	98.9574	0.0263	0.0764	0.2382	0.4675	0.1916
14	98.3293	0.0043	0.0259	0.161	0	0.4702	0.2976	0.0409
15	98.0138	0.0017	0.0096	0.0839	0.3761	0.4093	0.0998	0.0197
16	98.2233	8e-04	0.0022	0.03	0.2337	0	0.522	0.1562	0.0472	0.0079
17	98.7349	8e-04	0.0019	0.0146	0.1152	0.4294	0.2806	0.114	0.0362	0.0072
18	99.2174	5e-04	0.0013	0.0066	0.0433	0.2908	0	0.3312	0.218	0.0767	0.0267	0.005
19	99.5134	0.001	0.0012	0.0074	0.029	0.145	0.2323	0.2917	0.1843	0.0762	0.0263	0.0055
20	99.6911	0.001	0.0012	0.0048	0.0176	0.0704	0.1449	0	0.2809	0.2453	0.1596	0.0505	0.0192	0.0045
21	99.7886	0.0013	0.002	0.0054	0.0189	0.0569	0.1038	0.1384	0.2552	0.2215	0.1327	0.043	0.0166	0.0041
