Allele	DQA1_01_14__DQB1_03_04
Version	2.0.2
Type	Standard
n_specificities	1
npep_u	1
npep_t	5000
spec_ids	1
L_core	9
L_N	0
L_C	0
CS_perL	1
pepL_lower	12
pepL_upper	21
n_diff_aa	20

PWM_norm.1	P1	P2	P3	P4	P5	P6	P7	P8	P9
A	1.1047	1.2808	1.966	4.4179	1.6801	1.8314	2.6939	1.1886	0.6719
C	0.454	0.2343	0.2272	0.2179	0.1428	0.442	0.2519	0.1008	0.1102
D	0.5477	0.6718	0.4194	0.1836	0.8758	1.3968	0.5261	0.8078	4.0087
E	0.7144	1.0529	0.2764	0.0826	1.3435	0.4979	1.2602	1.5079	5.001
F	1.6532	0.4387	0.3041	0.4819	0.3701	0.2376	0.6355	0.6687	0.5283
G	0.3908	0.7204	2.004	3.2098	0.4485	0.411	0.7653	0.8334	0.8727
H	1.0006	2.3658	0.6908	0.4312	1.4203	0.2138	1.0764	1.0018	0.7878
I	2.4569	0.7795	0.2438	0.499	0.8979	2.2061	0.8313	0.9071	0.7232
K	0.3955	1.2785	0.245	0.1423	1.6967	0.3047	0.463	0.9592	0.2353
L	1.113	0.4932	0.1574	0.1039	0.7241	1.2569	0.6072	0.8933	0.3677
M	1.505	0.603	0.1636	0.1643	0.4202	0.9223	0.5018	0.6012	0.6895
N	1.3913	1.2535	0.3776	0.3922	0.9712	0.5254	1.2259	0.835	0.3833
P	0.8511	0.1379	0.59	0.0694	0.2017	1.6639	0.7225	1.5301	0.2045
Q	1.0253	1.3996	0.3681	0.0807	1.472	0.2722	1.553	1.016	1.1269
R	0.3005	1.5494	0.215	0.1502	1.0673	0.1999	1.0753	1.3699	0.2138
S	0.7724	1.0295	2.4012	2.3467	0.8794	0.7122	1.2269	0.7793	0.4531
T	0.8569	1.8525	5.7769	1.2614	1.2253	1.3707	0.7284	0.9047	0.4211
V	1.762	0.9763	0.1423	1.5098	1.7329	2.8776	1.0558	0.9768	0.5303
W	1.8876	1.5384	0.2018	0.1867	0.306	0.1183	0.572	0.5195	0.3237
Y	1.6424	1.2034	0.2906	0.131	0.6788	0.1799	0.7458	1.3504	0.5725

pepL	alpha	w_s
12	99.5307	0.083	0.1488	0	0.3949	0.3733
13	98.9574	0.0263	0.0764	0.2382	0.4675	0.1916
14	98.3293	0.0043	0.0259	0.161	0	0.4702	0.2976	0.0409
15	98.0138	0.0017	0.0096	0.0839	0.3761	0.4093	0.0998	0.0197
16	98.2233	8e-04	0.0022	0.03	0.2337	0	0.522	0.1562	0.0472	0.0079
17	98.7349	8e-04	0.0019	0.0146	0.1152	0.4294	0.2806	0.114	0.0362	0.0072
18	99.2174	5e-04	0.0013	0.0066	0.0433	0.2908	0	0.3312	0.218	0.0767	0.0267	0.005
19	99.5134	0.001	0.0012	0.0074	0.029	0.145	0.2323	0.2917	0.1843	0.0762	0.0263	0.0055
20	99.6911	0.001	0.0012	0.0048	0.0176	0.0704	0.1449	0	0.2809	0.2453	0.1596	0.0505	0.0192	0.0045
21	99.7886	0.0013	0.002	0.0054	0.0189	0.0569	0.1038	0.1384	0.2552	0.2215	0.1327	0.043	0.0166	0.0041
