Allele	DQA1_04_02__DQB1_05_136
Version	2.0.2
Type	Standard
n_specificities	1
npep_u	1
npep_t	5000
spec_ids	1
L_core	9
L_N	0
L_C	0
CS_perL	1
pepL_lower	12
pepL_upper	21
n_diff_aa	20

PWM_norm.1	P1	P2	P3	P4	P5	P6	P7	P8	P9
A	1.2882	1.3409	1.5017	0.4551	0.7471	2.2547	0.939	1.0635	1.2739
C	0.3532	0.0702	0.2484	0.1802	0.1679	0.4697	0.1696	0.1266	0.0891
D	0.386	1.1034	1.6914	0.2609	1.072	2.6135	2.074	1.0335	4.2565
E	0.7315	1.5613	0.6405	0.1357	1.3119	1.8342	1.2588	1.4527	4.1517
F	1.5939	0.7848	1.4766	6.8567	0.7088	0.3699	0.4252	0.8802	0.2406
G	0.3902	0.5711	1.6228	0.2017	0.7965	0.5989	0.3174	0.5405	0.7918
H	0.7046	1.8971	1.6401	1.9498	1.3595	0.3178	1.9376	0.6415	0.9531
I	2.6568	0.9925	0.7796	0.5839	1.0102	1.4563	0.9461	0.929	0.4573
K	0.2449	0.7637	0.5505	0.2156	1.3518	0.2882	0.8188	1.638	0.1993
L	1.0248	0.6911	0.4215	0.5	0.8174	0.5514	0.5021	0.5579	0.3223
M	1.431	0.5369	0.8238	1.5001	0.5751	0.5041	0.4231	0.9184	0.3513
N	0.6183	1.6515	0.7991	0.3187	1.1059	0.5552	0.9506	0.7567	0.7581
P	1.1531	0.0928	0.5795	0.0788	1.2024	1.2097	2.181	1.251	0.1655
Q	0.8462	0.9704	1.2397	0.3551	1.213	0.4736	1.703	0.8646	1.2101
R	0.1741	1.7383	0.4402	0.179	1.0381	0.2166	0.4836	1.4906	0.1494
S	0.6919	1.1667	1.4266	0.1384	0.7214	0.8473	0.8352	1.0376	0.9017
T	0.944	1.2426	1.0998	0.1746	1.1048	1.1129	0.8966	1.1689	0.6167
V	2.2639	0.7468	0.8326	0.328	1.4108	1.5456	1.3324	0.8706	0.4766
W	2.2282	0.6979	0.7602	14.2166	0.2074	0.2336	0.509	0.744	0.1328
Y	1.9601	1.1295	1.8421	9.8478	1.1616	0.404	0.8046	1.2144	0.2115

pepL	alpha	w_s
12	99.5307	0.083	0.1488	0	0.3949	0.3733
13	98.9574	0.0263	0.0764	0.2382	0.4675	0.1916
14	98.3293	0.0043	0.0259	0.161	0	0.4702	0.2976	0.0409
15	98.0138	0.0017	0.0096	0.0839	0.3761	0.4093	0.0998	0.0197
16	98.2233	8e-04	0.0022	0.03	0.2337	0	0.522	0.1562	0.0472	0.0079
17	98.7349	8e-04	0.0019	0.0146	0.1152	0.4294	0.2806	0.114	0.0362	0.0072
18	99.2174	5e-04	0.0013	0.0066	0.0433	0.2908	0	0.3312	0.218	0.0767	0.0267	0.005
19	99.5134	0.001	0.0012	0.0074	0.029	0.145	0.2323	0.2917	0.1843	0.0762	0.0263	0.0055
20	99.6911	0.001	0.0012	0.0048	0.0176	0.0704	0.1449	0	0.2809	0.2453	0.1596	0.0505	0.0192	0.0045
21	99.7886	0.0013	0.002	0.0054	0.0189	0.0569	0.1038	0.1384	0.2552	0.2215	0.1327	0.043	0.0166	0.0041
