Allele	DQA1_02_01__DQB1_02_80
Version	2.0.2
Type	Standard
n_specificities	1
npep_u	1
npep_t	5000
spec_ids	1
L_core	9
L_N	0
L_C	0
CS_perL	1
pepL_lower	12
pepL_upper	21
n_diff_aa	20

PWM_norm.1	P1	P2	P3	P4	P5	P6	P7	P8	P9
A	1.084	1.3409	0.5215	1.0603	0.8414	2.003	0.8263	1.1886	0.6295
C	0.1743	0.0702	0.0988	0.8453	0.0681	0.2523	0.0955	0.1008	0.1704
D	0.3506	1.1034	1.4373	3.3458	1.3929	1.5664	4.0353	0.8078	1.0713
E	0.6552	1.5613	0.2521	1.8666	2.2266	3.0243	3.6859	1.5079	2.0622
F	1.4962	0.7848	0.5304	0.4141	0.978	0.2174	0.4036	0.6687	1.6408
G	0.4004	0.5711	0.3375	0.446	1.1211	0.3143	0.6826	0.8334	0.2867
H	0.7792	1.8971	0.2359	0.1979	0.9414	0.2468	0.693	1.0018	0.418
I	2.0748	0.9925	0.2433	2.3344	0.6909	0.8927	0.6504	0.9071	2.1328
K	0.2107	0.7637	0.182	0.067	1.1356	0.121	0.1981	0.9592	0.1879
L	0.6763	0.6911	0.0759	1.3501	0.4949	0.6142	0.7426	0.8933	1.8439
M	1.0279	0.5369	0.2566	1.3377	0.4347	0.3943	0.2581	0.6012	3.2451
N	0.1366	1.6515	0.2365	0.7482	1.109	0.4097	1.1587	0.835	0.3482
P	2.3567	0.0928	0.0961	0.0583	0.6301	1.7417	0.769	1.5301	0.1225
Q	0.8835	0.9704	0.6329	1.2037	1.2288	0.5954	0.9448	1.016	0.8071
R	0.4861	1.7383	0.0817	0.0538	0.9113	0.0856	0.2226	1.3699	0.4759
S	0.4603	1.1667	3.9259	0.4002	1.036	0.7407	0.5509	0.7793	0.4623
T	1.3719	1.2426	7.2283	0.8669	1.3018	0.944	0.5054	0.9047	0.564
V	2.5952	0.7468	0.2021	1.9361	0.719	2.2422	0.6422	0.9768	1.0894
W	1.7024	0.6979	0.2146	0.2156	0.3239	0.0761	0.2425	0.5195	3.846
Y	1.9979	1.1295	0.1962	0.1678	1.1957	0.1894	0.8178	1.3504	1.5554

pepL	alpha	w_s
12	99.5307	0.083	0.1488	0	0.3949	0.3733
13	98.9574	0.0263	0.0764	0.2382	0.4675	0.1916
14	98.3293	0.0043	0.0259	0.161	0	0.4702	0.2976	0.0409
15	98.0138	0.0017	0.0096	0.0839	0.3761	0.4093	0.0998	0.0197
16	98.2233	8e-04	0.0022	0.03	0.2337	0	0.522	0.1562	0.0472	0.0079
17	98.7349	8e-04	0.0019	0.0146	0.1152	0.4294	0.2806	0.114	0.0362	0.0072
18	99.2174	5e-04	0.0013	0.0066	0.0433	0.2908	0	0.3312	0.218	0.0767	0.0267	0.005
19	99.5134	0.001	0.0012	0.0074	0.029	0.145	0.2323	0.2917	0.1843	0.0762	0.0263	0.0055
20	99.6911	0.001	0.0012	0.0048	0.0176	0.0704	0.1449	0	0.2809	0.2453	0.1596	0.0505	0.0192	0.0045
21	99.7886	0.0013	0.002	0.0054	0.0189	0.0569	0.1038	0.1384	0.2552	0.2215	0.1327	0.043	0.0166	0.0041
