Allele	DQA1_01_03__DQB1_05_12
Version	2.0.2
Type	Standard
n_specificities	1
npep_u	1
npep_t	5000
spec_ids	1
L_core	9
L_N	0
L_C	0
CS_perL	1
pepL_lower	12
pepL_upper	21
n_diff_aa	20

PWM_norm.1	P1	P2	P3	P4	P5	P6	P7	P8	P9
A	1.0211	0.9166	0.7747	0.3141	0.5927	1.0399	0.939	0.9026	0.96
C	0.1618	0.1962	0.1386	0.1251	0.2953	0.2959	0.1696	0.1401	0.1889
D	0.446	0.7538	1.493	0.2	1.3735	6.2478	2.074	0.9226	2.1812
E	0.8128	1.2161	0.285	0.1481	1.2894	1.3176	1.2588	1.5301	1.4179
F	0.5217	0.4601	0.4971	6.9413	0.7078	0.2457	0.4252	1.8747	1.5009
G	0.3839	0.5287	0.7505	0.1016	0.7438	0.3341	0.3174	0.3714	0.6688
H	0.7887	1.7253	1.532	2.2354	1.4807	0.2658	1.9376	0.3636	1.0128
I	1.956	0.8057	0.4223	0.7986	1.0536	1.7769	0.9461	1.6124	2.4502
K	0.1697	1.4562	0.4251	0.1745	1.3371	0.3195	0.8188	0.9709	0.2209
L	1.3363	0.5455	0.1767	0.6049	0.8167	0.9157	0.5021	0.8982	1.1085
M	0.8376	0.5382	0.2301	1.7592	0.5943	0.7769	0.4231	1.6145	1.3099
N	3.7299	0.794	0.3191	0.2273	1.2904	0.725	0.9506	0.9003	0.6574
P	0.1534	0.0887	0.2296	0.0424	1.1234	0.6046	2.181	0.9818	0.1829
Q	1.7538	1.5897	1.0003	0.3798	1.2944	0.4073	1.703	0.9665	2.3162
R	0.124	1.7985	0.1389	0.1608	0.9469	0.1852	0.4836	0.8141	0.232
S	1.6821	1.006	2.7952	0.1019	0.672	0.4752	0.8352	0.5874	0.5002
T	1.0271	1.6379	6.1533	0.1928	1.0771	0.839	0.8966	0.8755	0.5929
V	1.5452	1.8941	0.1871	0.3955	1.2879	1.5865	1.3324	1.1399	1.3102
W	0.271	0.7368	0.2289	13.2162	0.2322	0.2068	0.509	0.6785	0.5463
Y	0.3196	0.7497	0.5124	9.9195	1.4019	0.265	0.8046	2.636	0.8632

pepL	alpha	w_s
12	99.5307	0.083	0.1488	0	0.3949	0.3733
13	98.9574	0.0263	0.0764	0.2382	0.4675	0.1916
14	98.3293	0.0043	0.0259	0.161	0	0.4702	0.2976	0.0409
15	98.0138	0.0017	0.0096	0.0839	0.3761	0.4093	0.0998	0.0197
16	98.2233	8e-04	0.0022	0.03	0.2337	0	0.522	0.1562	0.0472	0.0079
17	98.7349	8e-04	0.0019	0.0146	0.1152	0.4294	0.2806	0.114	0.0362	0.0072
18	99.2174	5e-04	0.0013	0.0066	0.0433	0.2908	0	0.3312	0.218	0.0767	0.0267	0.005
19	99.5134	0.001	0.0012	0.0074	0.029	0.145	0.2323	0.2917	0.1843	0.0762	0.0263	0.0055
20	99.6911	0.001	0.0012	0.0048	0.0176	0.0704	0.1449	0	0.2809	0.2453	0.1596	0.0505	0.0192	0.0045
21	99.7886	0.0013	0.002	0.0054	0.0189	0.0569	0.1038	0.1384	0.2552	0.2215	0.1327	0.043	0.0166	0.0041
