Allele	DQA1_02_03__DQB1_06_07
Version	2.0.2
Type	Standard
n_specificities	1
npep_u	1
npep_t	5000
spec_ids	1
L_core	9
L_N	0
L_C	0
CS_perL	1
pepL_lower	12
pepL_upper	21
n_diff_aa	20

PWM_norm.1	P1	P2	P3	P4	P5	P6	P7	P8	P9
A	0.8008	1.8736	0.9841	2.5255	1.2609	2.6039	1.0466	1.6276	2.8356
C	0.397	0.0913	0.1396	0.6907	0.1568	0.3398	0.303	0.1686	0.4967
D	0.3638	0.8976	1.0061	0.5748	0.757	1.5498	0.6012	0.5135	1.3131
E	0.6728	1.0371	0.609	0.5021	1.3179	1.4384	1.3764	1.1878	0.6487
F	3.2397	0.4697	0.3024	0.8148	0.8003	0.2386	2.3626	0.611	0.215
G	0.3612	1.41	0.5778	0.8239	0.7232	0.4609	0.2832	0.9182	1.9278
H	1.9361	1.9212	0.2742	0.4202	1.3691	0.1128	2.456	0.9602	0.6461
I	1.9151	0.584	0.4425	1.8414	0.8765	1.3113	0.9706	1.0369	0.719
K	0.2767	1.1341	0.2688	0.158	1.3408	0.1103	0.339	0.7414	0.2065
L	1.0965	0.3779	0.1288	0.8153	0.7169	0.6813	0.444	0.6066	0.3301
M	1.7181	0.6284	0.1994	0.7809	0.522	0.3959	0.4483	0.5456	0.4052
N	0.7901	1.1163	0.3799	0.8084	0.631	0.3296	1.3338	0.9226	1.5836
P	0.5267	0.2133	0.2435	0.1815	0.6925	2.1718	2.084	2.1016	0.3111
Q	1.1504	1.1638	0.332	0.3329	1.3172	0.2585	0.9368	0.9458	0.9024
R	0.3149	1.123	0.1598	0.1217	1.0609	0.0645	0.5676	0.9297	0.1615
S	0.4255	1.2015	3.0366	1.5084	0.9837	0.9733	0.7342	0.9815	2.285
T	0.7023	1.549	7.0196	2.2059	1.2015	1.0092	0.8637	1.2328	1.1871
V	1.4296	0.7427	0.4076	2.4245	1.7092	2.4028	1.0934	1.028	0.9251
W	2.7252	0.8016	0.6179	0.2442	0.4458	0.1003	3.1014	0.4807	0.1254
Y	4.1546	1.435	0.2105	0.2671	0.8958	0.2118	1.6247	0.9989	0.1977

pepL	alpha	w_s
12	99.5307	0.083	0.1488	0	0.3949	0.3733
13	98.9574	0.0263	0.0764	0.2382	0.4675	0.1916
14	98.3293	0.0043	0.0259	0.161	0	0.4702	0.2976	0.0409
15	98.0138	0.0017	0.0096	0.0839	0.3761	0.4093	0.0998	0.0197
16	98.2233	8e-04	0.0022	0.03	0.2337	0	0.522	0.1562	0.0472	0.0079
17	98.7349	8e-04	0.0019	0.0146	0.1152	0.4294	0.2806	0.114	0.0362	0.0072
18	99.2174	5e-04	0.0013	0.0066	0.0433	0.2908	0	0.3312	0.218	0.0767	0.0267	0.005
19	99.5134	0.001	0.0012	0.0074	0.029	0.145	0.2323	0.2917	0.1843	0.0762	0.0263	0.0055
20	99.6911	0.001	0.0012	0.0048	0.0176	0.0704	0.1449	0	0.2809	0.2453	0.1596	0.0505	0.0192	0.0045
21	99.7886	0.0013	0.002	0.0054	0.0189	0.0569	0.1038	0.1384	0.2552	0.2215	0.1327	0.043	0.0166	0.0041
