Allele	DQA1_01_05__DQB1_05_12
Version	2.0.2
Type	Standard
n_specificities	1
npep_u	1
npep_t	5000
spec_ids	1
L_core	9
L_N	0
L_C	0
CS_perL	1
pepL_lower	12
pepL_upper	21
n_diff_aa	20

PWM_norm.1	P1	P2	P3	P4	P5	P6	P7	P8	P9
A	0.9151	0.9166	1.2699	0.2965	0.5927	0.7144	0.939	0.9026	0.96
C	0.2579	0.1962	0.1748	0.1018	0.2953	0.1433	0.1696	0.1401	0.1889
D	0.638	0.7538	2.0322	0.1775	1.3735	11.0227	2.074	0.9226	2.1812
E	1.2135	1.2161	0.5309	0.1093	1.2894	0.897	1.2588	1.5301	1.4179
F	0.7081	0.4601	1.0104	7.397	0.7078	0.1353	0.4252	1.8747	1.5009
G	0.4559	0.5287	2.4803	0.1022	0.7438	0.2626	0.3174	0.3714	0.6688
H	1.0266	1.7253	4.505	1.886	1.4807	0.1696	1.9376	0.3636	1.0128
I	2.0023	0.8057	0.4386	0.6612	1.0536	1.5958	0.9461	1.6124	2.4502
K	0.2754	1.4562	0.5297	0.1534	1.3371	0.2357	0.8188	0.9709	0.2209
L	1.1634	0.5455	0.3856	0.519	0.8167	0.6388	0.5021	0.8982	1.1085
M	0.9329	0.5382	0.4658	1.6475	0.5943	0.3733	0.4231	1.6145	1.3099
N	2.2931	0.794	0.6614	0.2195	1.2904	0.5773	0.9506	0.9003	0.6574
P	0.2866	0.0887	0.5926	0.0376	1.1234	0.2636	2.181	0.9818	0.1829
Q	1.9564	1.5897	2.0288	0.3274	1.2944	0.2463	1.703	0.9665	2.3162
R	0.272	1.7985	0.256	0.138	0.9469	0.1304	0.4836	0.8141	0.232
S	1.2779	1.006	0.9974	0.0897	0.672	0.3133	0.8352	0.5874	0.5002
T	0.9117	1.6379	0.4536	0.152	1.0771	0.5724	0.8966	0.8755	0.5929
V	1.7904	1.8941	0.2625	0.3193	1.2879	0.8489	1.3324	1.1399	1.3102
W	0.4581	0.7368	0.3197	14.3395	0.2322	0.1042	0.509	0.6785	0.5463
Y	0.5068	0.7497	2.2579	10.4932	1.4019	0.1491	0.8046	2.636	0.8632

pepL	alpha	w_s
12	99.5307	0.083	0.1488	0	0.3949	0.3733
13	98.9574	0.0263	0.0764	0.2382	0.4675	0.1916
14	98.3293	0.0043	0.0259	0.161	0	0.4702	0.2976	0.0409
15	98.0138	0.0017	0.0096	0.0839	0.3761	0.4093	0.0998	0.0197
16	98.2233	8e-04	0.0022	0.03	0.2337	0	0.522	0.1562	0.0472	0.0079
17	98.7349	8e-04	0.0019	0.0146	0.1152	0.4294	0.2806	0.114	0.0362	0.0072
18	99.2174	5e-04	0.0013	0.0066	0.0433	0.2908	0	0.3312	0.218	0.0767	0.0267	0.005
19	99.5134	0.001	0.0012	0.0074	0.029	0.145	0.2323	0.2917	0.1843	0.0762	0.0263	0.0055
20	99.6911	0.001	0.0012	0.0048	0.0176	0.0704	0.1449	0	0.2809	0.2453	0.1596	0.0505	0.0192	0.0045
21	99.7886	0.0013	0.002	0.0054	0.0189	0.0569	0.1038	0.1384	0.2552	0.2215	0.1327	0.043	0.0166	0.0041
