Allele	DQA1_04_01__DQB1_05_132Q
Version	2.0.2
Type	Standard
n_specificities	1
npep_u	1
npep_t	5000
spec_ids	1
L_core	9
L_N	0
L_C	0
CS_perL	1
pepL_lower	12
pepL_upper	21
n_diff_aa	20

PWM_norm.1	P1	P2	P3	P4	P5	P6	P7	P8	P9
A	1.2882	1.3409	1.5017	0.9392	1.146	2.946	1.3929	1.0635	1.4405
C	0.3532	0.0702	0.2484	0.6052	0.1854	0.627	0.5101	0.1266	0.0818
D	0.386	1.1034	1.6914	0.7468	0.8154	0.8321	0.6721	1.0335	4.2667
E	0.7315	1.5613	0.6405	0.4623	1.0779	0.4396	1.3956	1.4527	3.9887
F	1.5939	0.7848	1.4766	3.8502	0.8289	0.298	0.7833	0.8802	0.2024
G	0.3902	0.5711	1.6228	0.4844	0.7277	0.6992	0.6461	0.5405	1.0712
H	0.7046	1.8971	1.6401	2.0388	1.1403	0.2094	2.1934	0.6415	0.9603
I	2.6568	0.9925	0.7796	1.4026	1.1106	1.662	0.8556	0.929	0.3322
K	0.2449	0.7637	0.5505	0.4962	1.3352	0.2385	0.9693	1.638	0.139
L	1.0248	0.6911	0.4215	0.8711	0.9373	0.5629	0.989	0.5579	0.1918
M	1.431	0.5369	0.8238	2.1421	0.7854	0.4873	0.8473	0.9184	0.2629
N	0.6183	1.6515	0.7991	0.7377	0.8361	0.3502	1.6239	0.7567	0.6675
P	1.1531	0.0928	0.5795	0.2691	1.0615	2.3867	0.4083	1.251	0.1948
Q	0.8462	0.9704	1.2397	0.8206	1.1579	0.2323	1.7994	0.8646	1.2963
R	0.1741	1.7383	0.4402	0.3247	1.0278	0.1271	1.1717	1.4906	0.1029
S	0.6919	1.1667	1.4266	0.3899	0.7747	1.0644	0.7043	1.0376	1.1171
T	0.944	1.2426	1.0998	0.5367	1.2217	1.3474	0.5633	1.1689	0.5724
V	2.2639	0.7468	0.8326	0.8669	1.3991	2.3983	0.9249	0.8706	0.3727
W	2.2282	0.6979	0.7602	6.0936	0.3342	0.1185	1.036	0.744	0.0758
Y	1.9601	1.1295	1.8421	4.5707	1.065	0.2485	1.1051	1.2144	0.1226

pepL	alpha	w_s
12	99.5307	0.083	0.1488	0	0.3949	0.3733
13	98.9574	0.0263	0.0764	0.2382	0.4675	0.1916
14	98.3293	0.0043	0.0259	0.161	0	0.4702	0.2976	0.0409
15	98.0138	0.0017	0.0096	0.0839	0.3761	0.4093	0.0998	0.0197
16	98.2233	8e-04	0.0022	0.03	0.2337	0	0.522	0.1562	0.0472	0.0079
17	98.7349	8e-04	0.0019	0.0146	0.1152	0.4294	0.2806	0.114	0.0362	0.0072
18	99.2174	5e-04	0.0013	0.0066	0.0433	0.2908	0	0.3312	0.218	0.0767	0.0267	0.005
19	99.5134	0.001	0.0012	0.0074	0.029	0.145	0.2323	0.2917	0.1843	0.0762	0.0263	0.0055
20	99.6911	0.001	0.0012	0.0048	0.0176	0.0704	0.1449	0	0.2809	0.2453	0.1596	0.0505	0.0192	0.0045
21	99.7886	0.0013	0.002	0.0054	0.0189	0.0569	0.1038	0.1384	0.2552	0.2215	0.1327	0.043	0.0166	0.0041
