Allele	DQA1_03_01__DQB1_05_134
Version	2.0.2
Type	Standard
n_specificities	1
npep_u	1
npep_t	5000
spec_ids	1
L_core	9
L_N	0
L_C	0
CS_perL	1
pepL_lower	12
pepL_upper	21
n_diff_aa	20

PWM_norm.1	P1	P2	P3	P4	P5	P6	P7	P8	P9
A	0.8567	1.3409	1.5017	0.4551	0.7471	2.3273	0.939	1.6276	2.923
C	0.2669	0.0702	0.2484	0.1802	0.1679	0.4558	0.1696	0.1686	0.2135
D	2.9907	1.1034	1.6914	0.2609	1.072	1.9933	2.074	0.5135	1.1925
E	1.9331	1.5613	0.6405	0.1357	1.3119	1.9518	1.2588	1.1878	1.267
F	1.1265	0.7848	1.4766	6.8567	0.7088	0.3941	0.4252	0.611	0.1885
G	0.5184	0.5711	1.6228	0.2017	0.7965	0.5774	0.3174	0.9182	1.5533
H	0.7951	1.8971	1.6401	1.9498	1.3595	0.2649	1.9376	0.9602	1.1237
I	1.3624	0.9925	0.7796	0.5839	1.0102	1.4951	0.9461	1.0369	0.5742
K	0.3905	0.7637	0.5505	0.2156	1.3518	0.2163	0.8188	0.7414	0.2062
L	0.5685	0.6911	0.4215	0.5	0.8174	0.6397	0.5021	0.6066	0.3071
M	0.6768	0.5369	0.8238	1.5001	0.5751	0.5134	0.4231	0.5456	0.3626
N	0.6392	1.6515	0.7991	0.3187	1.1059	0.4003	0.9506	0.9226	1.2187
P	1.1848	0.0928	0.5795	0.0788	1.2024	1.5045	2.181	2.1016	0.2554
Q	0.8723	0.9704	1.2397	0.3551	1.213	0.4259	1.703	0.9458	1.6068
R	0.3085	1.7383	0.4402	0.179	1.0381	0.1632	0.4836	0.9297	0.2145
S	0.8262	1.1667	1.4266	0.1384	0.7214	0.7676	0.8352	0.9815	2.1967
T	0.5936	1.2426	1.0998	0.1746	1.1048	1.0912	0.8966	1.2328	0.921
V	1.5438	0.7468	0.8326	0.328	1.4108	1.7544	1.3324	1.028	0.7078
W	1.6486	0.6979	0.7602	14.2166	0.2074	0.2422	0.509	0.4807	0.0745
Y	1.2373	1.1295	1.8421	9.8478	1.1616	0.3921	0.8046	0.9989	0.1716

pepL	alpha	w_s
12	99.5307	0.083	0.1488	0	0.3949	0.3733
13	98.9574	0.0263	0.0764	0.2382	0.4675	0.1916
14	98.3293	0.0043	0.0259	0.161	0	0.4702	0.2976	0.0409
15	98.0138	0.0017	0.0096	0.0839	0.3761	0.4093	0.0998	0.0197
16	98.2233	8e-04	0.0022	0.03	0.2337	0	0.522	0.1562	0.0472	0.0079
17	98.7349	8e-04	0.0019	0.0146	0.1152	0.4294	0.2806	0.114	0.0362	0.0072
18	99.2174	5e-04	0.0013	0.0066	0.0433	0.2908	0	0.3312	0.218	0.0767	0.0267	0.005
19	99.5134	0.001	0.0012	0.0074	0.029	0.145	0.2323	0.2917	0.1843	0.0762	0.0263	0.0055
20	99.6911	0.001	0.0012	0.0048	0.0176	0.0704	0.1449	0	0.2809	0.2453	0.1596	0.0505	0.0192	0.0045
21	99.7886	0.0013	0.002	0.0054	0.0189	0.0569	0.1038	0.1384	0.2552	0.2215	0.1327	0.043	0.0166	0.0041
