Allele	DQA1_06_01__DQB1_06_33
Version	2.0.2
Type	Standard
n_specificities	1
npep_u	1
npep_t	5000
spec_ids	1
L_core	9
L_N	0
L_C	0
CS_perL	1
pepL_lower	12
pepL_upper	21
n_diff_aa	20

PWM_norm.1	P1	P2	P3	P4	P5	P6	P7	P8	P9
A	1.2882	1.8736	0.9841	3.7807	1.7529	4.0869	1.8945	1.6276	3.5196
C	0.3532	0.0913	0.1396	0.622	0.0987	0.4363	0.1391	0.1686	0.5332
D	0.386	0.8976	1.0061	0.5269	0.614	0.1263	0.4068	0.5135	0.6621
E	0.7315	1.0371	0.609	0.4613	0.9312	0.2247	0.9829	1.1878	0.3945
F	1.5939	0.4697	0.3024	0.7732	0.5404	0.2191	0.805	0.611	0.2969
G	0.3902	1.41	0.5778	0.9878	0.5967	0.5579	0.2906	0.9182	2.7227
H	0.7046	1.9212	0.2742	0.8359	1.1563	0.0842	2.201	0.9602	0.4726
I	2.6568	0.584	0.4425	1.0048	0.9785	1.7394	0.608	1.0369	0.5876
K	0.2449	1.1341	0.2688	0.2586	1.4848	0.0901	0.8367	0.7414	0.1643
L	1.0248	0.3779	0.1288	0.5171	0.7959	0.5402	0.822	0.6066	0.2347
M	1.431	0.6284	0.1994	0.7118	0.5525	0.3637	0.477	0.5456	0.5367
N	0.6183	1.1163	0.3799	0.9112	0.7269	0.1977	0.8716	0.9226	0.7091
P	1.1531	0.2133	0.2435	0.1431	1.0053	2.4872	0.3741	2.1016	0.3574
Q	0.8462	1.1638	0.332	0.3576	1.1279	0.1141	2.8583	0.9458	1.2782
R	0.1741	1.123	0.1598	0.1416	1.0907	0.0446	2.4555	0.9297	0.1436
S	0.6919	1.2015	3.0366	1.8842	0.8728	0.8597	0.56	0.9815	2.3405
T	0.944	1.549	7.0196	1.7151	1.1456	1.0908	0.4342	1.2328	0.9631
V	2.2639	0.7427	0.4076	1.6307	1.7939	3.1403	0.9253	1.028	0.6763
W	2.2282	0.8016	0.6179	0.3121	0.3034	0.0417	0.7137	0.4807	0.1134
Y	1.9601	1.435	0.2105	0.2581	0.779	0.1338	1.4878	0.9989	0.2046

pepL	alpha	w_s
12	99.5307	0.083	0.1488	0	0.3949	0.3733
13	98.9574	0.0263	0.0764	0.2382	0.4675	0.1916
14	98.3293	0.0043	0.0259	0.161	0	0.4702	0.2976	0.0409
15	98.0138	0.0017	0.0096	0.0839	0.3761	0.4093	0.0998	0.0197
16	98.2233	8e-04	0.0022	0.03	0.2337	0	0.522	0.1562	0.0472	0.0079
17	98.7349	8e-04	0.0019	0.0146	0.1152	0.4294	0.2806	0.114	0.0362	0.0072
18	99.2174	5e-04	0.0013	0.0066	0.0433	0.2908	0	0.3312	0.218	0.0767	0.0267	0.005
19	99.5134	0.001	0.0012	0.0074	0.029	0.145	0.2323	0.2917	0.1843	0.0762	0.0263	0.0055
20	99.6911	0.001	0.0012	0.0048	0.0176	0.0704	0.1449	0	0.2809	0.2453	0.1596	0.0505	0.0192	0.0045
21	99.7886	0.0013	0.002	0.0054	0.0189	0.0569	0.1038	0.1384	0.2552	0.2215	0.1327	0.043	0.0166	0.0041
