Allele	DQA1_02_03__DQB1_05_103
Version	2.0.2
Type	Standard
n_specificities	1
npep_u	1
npep_t	5000
spec_ids	1
L_core	9
L_N	0
L_C	0
CS_perL	1
pepL_lower	12
pepL_upper	21
n_diff_aa	20

PWM_norm.1	P1	P2	P3	P4	P5	P6	P7	P8	P9
A	1.0121	1.3409	0.6594	0.4625	0.7471	2.2809	0.939	0.9026	1.0044
C	0.3834	0.0702	0.1112	0.2163	0.1679	0.4469	0.1696	0.1401	0.2514
D	0.5822	1.1034	1.6761	0.3031	1.072	1.414	2.074	0.9226	2.1582
E	0.9216	1.5613	0.4064	0.193	1.3119	1.9756	1.2588	1.5301	1.4763
F	1.0874	0.7848	0.5199	6.2949	0.7088	0.4198	0.4252	1.8747	1.259
G	0.65	0.5711	0.4547	0.1949	0.7965	0.5545	0.3174	0.3714	0.6643
H	1.222	1.8971	0.5071	2.2461	1.3595	0.2755	1.9376	0.3636	1.0016
I	1.7884	0.9925	0.4397	0.7391	1.0102	1.4033	0.9461	1.6124	2.474
K	0.3894	0.7637	0.3214	0.2451	1.3518	0.2371	0.8188	0.9709	0.2191
L	0.7327	0.6911	0.1249	0.5973	0.8174	0.6822	0.5021	0.8982	1.1349
M	1.124	0.5369	0.2716	1.6173	0.5751	0.5693	0.4231	1.6145	1.3774
N	0.7248	1.6515	0.3462	0.3289	1.1059	0.4263	0.9506	0.9003	0.7838
P	1.1685	0.0928	0.1716	0.0862	1.2024	1.6155	2.181	0.9818	0.2068
Q	1.5356	0.9704	0.7343	0.426	1.213	0.4684	1.703	0.9665	1.8294
R	0.5053	1.7383	0.1431	0.2066	1.0381	0.1678	0.4836	0.8141	0.228
S	0.7617	1.1667	3.5995	0.1489	0.7214	0.8801	0.8352	0.5874	0.5733
T	1.3587	1.2426	5.8839	0.226	1.1048	1.0164	0.8966	0.8755	0.6756
V	2.0169	0.7468	0.3389	0.4148	1.4108	1.9263	1.3324	1.1399	1.3912
W	1.3349	0.6979	0.4324	13.2936	0.2074	0.2699	0.509	0.6785	0.6603
Y	1.5213	1.1295	0.358	9.1306	1.1616	0.4312	0.8046	2.636	0.7579

pepL	alpha	w_s
12	99.5307	0.083	0.1488	0	0.3949	0.3733
13	98.9574	0.0263	0.0764	0.2382	0.4675	0.1916
14	98.3293	0.0043	0.0259	0.161	0	0.4702	0.2976	0.0409
15	98.0138	0.0017	0.0096	0.0839	0.3761	0.4093	0.0998	0.0197
16	98.2233	8e-04	0.0022	0.03	0.2337	0	0.522	0.1562	0.0472	0.0079
17	98.7349	8e-04	0.0019	0.0146	0.1152	0.4294	0.2806	0.114	0.0362	0.0072
18	99.2174	5e-04	0.0013	0.0066	0.0433	0.2908	0	0.3312	0.218	0.0767	0.0267	0.005
19	99.5134	0.001	0.0012	0.0074	0.029	0.145	0.2323	0.2917	0.1843	0.0762	0.0263	0.0055
20	99.6911	0.001	0.0012	0.0048	0.0176	0.0704	0.1449	0	0.2809	0.2453	0.1596	0.0505	0.0192	0.0045
21	99.7886	0.0013	0.002	0.0054	0.0189	0.0569	0.1038	0.1384	0.2552	0.2215	0.1327	0.043	0.0166	0.0041
