Allele	DQA1_01_01__DQB1_03_297
Version	2.0.2
Type	Standard
n_specificities	1
npep_u	1
npep_t	5000
spec_ids	1
L_core	9
L_N	0
L_C	0
CS_perL	1
pepL_lower	12
pepL_upper	21
n_diff_aa	20

PWM_norm.1	P1	P2	P3	P4	P5	P6	P7	P8	P9
A	0.8572	1.2808	3.0314	4.8481	1.6801	1.9447	2.6939	1.6276	2.3653
C	0.5606	0.2343	0.1963	0.1511	0.1428	0.381	0.2519	0.1686	0.5455
D	1.2002	0.6718	0.5272	0.1467	0.8758	2.1461	0.5261	0.5135	0.7216
E	1.1507	1.0529	0.4387	0.0557	1.3435	0.3879	1.2602	1.1878	0.6179
F	1.4948	0.4387	0.4785	0.3664	0.3701	0.1953	0.6355	0.611	0.2572
G	0.5307	0.7204	5.5867	3.9307	0.4485	0.4592	0.7653	0.9182	2.2541
H	1.2773	2.3658	1.2082	0.2331	1.4203	0.1789	1.0764	0.9602	0.9674
I	1.8173	0.7795	0.1476	0.3358	0.8979	2.6775	0.8313	1.0369	0.8885
K	0.4469	1.2785	0.1856	0.1119	1.6967	0.2489	0.463	0.7414	0.3471
L	0.8211	0.4932	0.2301	0.0722	0.7241	1.2453	0.6072	0.6066	0.3109
M	1.1703	0.603	0.2797	0.1227	0.4202	0.744	0.5018	0.5456	0.4401
N	1.1499	1.2535	0.5156	0.3312	0.9712	0.5398	1.2259	0.9226	1.4495
P	0.9122	0.1379	1.2382	0.0717	0.2017	1.3267	0.7225	2.1016	0.5566
Q	1.217	1.3996	0.6696	0.0554	1.472	0.2033	1.553	0.9458	1.1116
R	0.6365	1.5494	0.3267	0.1116	1.0673	0.1691	1.0753	0.9297	0.263
S	0.7469	1.0295	0.9365	2.4515	0.8794	0.678	1.2269	0.9815	2.1149
T	0.793	1.8525	0.2962	0.8658	1.2253	1.3391	0.7284	1.2328	1.073
V	1.5166	0.9763	0.1258	1.0212	1.7329	2.6139	1.0558	1.028	1.0377
W	1.9171	1.5384	0.1279	0.1221	0.306	0.0829	0.572	0.4807	0.1564
Y	1.5953	1.2034	0.7359	0.0877	0.6788	0.1424	0.7458	0.9989	0.3423

pepL	alpha	w_s
12	99.5307	0.083	0.1488	0	0.3949	0.3733
13	98.9574	0.0263	0.0764	0.2382	0.4675	0.1916
14	98.3293	0.0043	0.0259	0.161	0	0.4702	0.2976	0.0409
15	98.0138	0.0017	0.0096	0.0839	0.3761	0.4093	0.0998	0.0197
16	98.2233	8e-04	0.0022	0.03	0.2337	0	0.522	0.1562	0.0472	0.0079
17	98.7349	8e-04	0.0019	0.0146	0.1152	0.4294	0.2806	0.114	0.0362	0.0072
18	99.2174	5e-04	0.0013	0.0066	0.0433	0.2908	0	0.3312	0.218	0.0767	0.0267	0.005
19	99.5134	0.001	0.0012	0.0074	0.029	0.145	0.2323	0.2917	0.1843	0.0762	0.0263	0.0055
20	99.6911	0.001	0.0012	0.0048	0.0176	0.0704	0.1449	0	0.2809	0.2453	0.1596	0.0505	0.0192	0.0045
21	99.7886	0.0013	0.002	0.0054	0.0189	0.0569	0.1038	0.1384	0.2552	0.2215	0.1327	0.043	0.0166	0.0041
