Allele	DQA1_01_03__DQB1_06_84
Version	2.0.2
Type	Standard
n_specificities	1
npep_u	1
npep_t	5000
spec_ids	1
L_core	9
L_N	0
L_C	0
CS_perL	1
pepL_lower	12
pepL_upper	21
n_diff_aa	20

PWM_norm.1	P1	P2	P3	P4	P5	P6	P7	P8	P9
A	1.0211	1.2808	1.0702	3.7002	1.8776	1.6945	2.1165	1.6276	3.6585
C	0.1618	0.2343	0.173	0.7152	0.1321	0.2379	0.1394	0.1686	0.3659
D	0.446	0.6718	0.51	0.2332	0.7815	0.4137	0.4112	0.5135	0.6187
E	0.8128	1.0529	0.2444	0.1616	1.0137	0.3654	1.0564	1.1878	0.3717
F	0.5217	0.4387	0.2688	0.5954	0.4306	0.3367	0.694	0.611	0.2917
G	0.3839	0.7204	0.9541	0.438	0.4933	0.2769	0.3535	0.9182	2.9973
H	0.7887	2.3658	0.4024	0.7593	1.4427	0.2013	2.2259	0.9602	0.4669
I	1.956	0.7795	0.2316	1.636	0.9506	3.0854	0.5599	1.0369	0.4769
K	0.1697	1.2785	0.1903	0.1344	1.8836	0.2214	0.7548	0.7414	0.1474
L	1.3363	0.4932	0.1265	0.451	0.724	1.9812	0.7385	0.6066	0.1896
M	0.8376	0.603	0.1464	0.6555	0.5597	1.9946	0.4572	0.5456	0.4902
N	3.7299	1.2535	0.2267	0.4811	1.087	0.4034	0.7818	0.9226	0.5577
P	0.1534	0.1379	0.2913	0.075	0.331	1.0074	0.3021	2.1016	0.2956
Q	1.7538	1.3996	0.3127	0.1981	1.3928	0.3535	2.8492	0.9458	1.8122
R	0.124	1.5494	0.0829	0.09	1.1253	0.1358	2.5824	0.9297	0.1348
S	1.6821	1.0295	2.2362	1.754	0.8456	0.3682	0.6089	0.9815	2.2984
T	1.0271	1.8525	9.4187	2.2414	1.2247	1.0741	0.3982	1.2328	0.776
V	1.5452	0.9763	0.1234	3.041	1.4824	3.5115	0.8446	1.028	0.5167
W	0.271	1.5384	0.1706	0.2555	0.3155	0.1066	0.6188	0.4807	0.0887
Y	0.3196	1.2034	0.1701	0.2351	0.6456	0.2202	1.4369	0.9989	0.178

pepL	alpha	w_s
12	99.5307	0.083	0.1488	0	0.3949	0.3733
13	98.9574	0.0263	0.0764	0.2382	0.4675	0.1916
14	98.3293	0.0043	0.0259	0.161	0	0.4702	0.2976	0.0409
15	98.0138	0.0017	0.0096	0.0839	0.3761	0.4093	0.0998	0.0197
16	98.2233	8e-04	0.0022	0.03	0.2337	0	0.522	0.1562	0.0472	0.0079
17	98.7349	8e-04	0.0019	0.0146	0.1152	0.4294	0.2806	0.114	0.0362	0.0072
18	99.2174	5e-04	0.0013	0.0066	0.0433	0.2908	0	0.3312	0.218	0.0767	0.0267	0.005
19	99.5134	0.001	0.0012	0.0074	0.029	0.145	0.2323	0.2917	0.1843	0.0762	0.0263	0.0055
20	99.6911	0.001	0.0012	0.0048	0.0176	0.0704	0.1449	0	0.2809	0.2453	0.1596	0.0505	0.0192	0.0045
21	99.7886	0.0013	0.002	0.0054	0.0189	0.0569	0.1038	0.1384	0.2552	0.2215	0.1327	0.043	0.0166	0.0041
