Allele	DQA1_03_04__DQB1_06_90
Version	2.0.2
Type	Standard
n_specificities	1
npep_u	1
npep_t	5000
spec_ids	1
L_core	9
L_N	0
L_C	0
CS_perL	1
pepL_lower	12
pepL_upper	21
n_diff_aa	20

PWM_norm.1	P1	P2	P3	P4	P5	P6	P7	P8	P9
A	0.8567	1.8736	2.2745	4.4344	1.3808	2.6526	0.8359	1.6276	2.521
C	0.2669	0.0913	0.2321	0.6502	0.098	0.3156	0.1914	0.1686	0.3659
D	2.9907	0.8976	1.1274	0.4576	0.6165	2.5889	0.9335	0.5135	1.4595
E	1.9331	1.0371	0.8603	0.2786	1.0123	1.2537	0.8354	1.1878	0.873
F	1.1265	0.4697	1.0978	0.7748	0.7983	0.2368	0.9002	0.611	0.2168
G	0.5184	1.41	2.4014	1.0989	0.6907	0.5116	0.208	0.9182	1.9594
H	0.7951	1.9212	0.7825	0.5021	1.5916	0.112	1.9632	0.9602	0.7992
I	1.3624	0.584	0.7175	0.9081	0.8637	1.4201	1.073	1.0369	0.9025
K	0.3905	1.1341	0.3888	0.1849	1.5865	0.1104	0.6307	0.7414	0.2159
L	0.5685	0.3779	0.4914	0.4234	0.7276	0.6119	0.5509	0.6066	0.3631
M	0.6768	0.6284	0.7043	0.6528	0.5012	0.3518	0.6403	0.5456	0.409
N	0.6392	1.1163	0.7587	0.7928	0.6754	0.3139	0.7173	0.9226	1.4605
P	1.1848	0.2133	0.8772	0.1847	0.807	2.1321	2.892	2.1016	0.2709
Q	0.8723	1.1638	0.6829	0.2322	1.1103	0.2197	1.1683	0.9458	1.0568
R	0.3085	1.123	0.5608	0.113	1.1747	0.0638	0.7169	0.9297	0.163
S	0.8262	1.2015	1.0794	2.086	1.0483	0.8449	0.8571	0.9815	2.1147
T	0.5936	1.549	0.7672	1.5854	0.9906	1.0479	1.2487	1.2328	1.0606
V	1.5438	0.7427	1.1722	1.4783	1.8785	1.9749	1.7244	1.028	0.9855
W	1.6486	0.8016	0.6778	0.267	0.3915	0.0936	1.0577	0.4807	0.0998
Y	1.2373	1.435	1.1254	0.2579	0.7131	0.1976	0.8916	0.9989	0.2298

pepL	alpha	w_s
12	99.5307	0.083	0.1488	0	0.3949	0.3733
13	98.9574	0.0263	0.0764	0.2382	0.4675	0.1916
14	98.3293	0.0043	0.0259	0.161	0	0.4702	0.2976	0.0409
15	98.0138	0.0017	0.0096	0.0839	0.3761	0.4093	0.0998	0.0197
16	98.2233	8e-04	0.0022	0.03	0.2337	0	0.522	0.1562	0.0472	0.0079
17	98.7349	8e-04	0.0019	0.0146	0.1152	0.4294	0.2806	0.114	0.0362	0.0072
18	99.2174	5e-04	0.0013	0.0066	0.0433	0.2908	0	0.3312	0.218	0.0767	0.0267	0.005
19	99.5134	0.001	0.0012	0.0074	0.029	0.145	0.2323	0.2917	0.1843	0.0762	0.0263	0.0055
20	99.6911	0.001	0.0012	0.0048	0.0176	0.0704	0.1449	0	0.2809	0.2453	0.1596	0.0505	0.0192	0.0045
21	99.7886	0.0013	0.002	0.0054	0.0189	0.0569	0.1038	0.1384	0.2552	0.2215	0.1327	0.043	0.0166	0.0041
