Allele	DQA1_03_02__DQB1_06_33
Version	2.0.2
Type	Standard
n_specificities	1
npep_u	1
npep_t	5000
spec_ids	1
L_core	9
L_N	0
L_C	0
CS_perL	1
pepL_lower	12
pepL_upper	21
n_diff_aa	20

PWM_norm.1	P1	P2	P3	P4	P5	P6	P7	P8	P9
A	0.8567	1.8736	2.2745	4.5466	1.7529	4.4628	1.8945	1.6276	3.0997
C	0.2669	0.0913	0.2321	0.4863	0.0987	0.4414	0.1391	0.1686	0.393
D	2.9907	0.8976	1.1274	0.5174	0.614	0.0807	0.4068	0.5135	0.723
E	1.9331	1.0371	0.8603	0.373	0.9312	0.1593	0.9829	1.1878	0.5339
F	1.1265	0.4697	1.0978	0.6188	0.5404	0.1925	0.805	0.611	0.3207
G	0.5184	1.41	2.4014	1.2069	0.5967	0.4992	0.2906	0.9182	2.7698
H	0.7951	1.9212	0.7825	0.4864	1.1563	0.0544	2.201	0.9602	0.6318
I	1.3624	0.584	0.7175	0.8277	0.9785	1.8036	0.608	1.0369	0.7305
K	0.3905	1.1341	0.3888	0.2112	1.4848	0.0579	0.8367	0.7414	0.1806
L	0.5685	0.3779	0.4914	0.4131	0.7959	0.5202	0.822	0.6066	0.2595
M	0.6768	0.6284	0.7043	0.6592	0.5525	0.3138	0.477	0.5456	0.5538
N	0.6392	1.1163	0.7587	0.8797	0.7269	0.1067	0.8716	0.9226	0.6909
P	1.1848	0.2133	0.8772	0.1618	1.0053	2.6389	0.3741	2.1016	0.3248
Q	0.8723	1.1638	0.6829	0.2597	1.1279	0.074	2.8583	0.9458	1.5529
R	0.3085	1.123	0.5608	0.112	1.0907	0.0324	2.4555	0.9297	0.1502
S	0.8262	1.2015	1.0794	2.1268	0.8728	0.7131	0.56	0.9815	2.2454
T	0.5936	1.549	0.7672	1.4367	1.1456	0.9862	0.4342	1.2328	0.8621
V	1.5438	0.7427	1.1722	1.3507	1.7939	3.1962	0.9253	1.028	0.7238
W	1.6486	0.8016	0.6778	0.2177	0.3034	0.0327	0.7137	0.4807	0.1
Y	1.2373	1.435	1.1254	0.1761	0.779	0.1148	1.4878	0.9989	0.2472

pepL	alpha	w_s
12	99.5307	0.083	0.1488	0	0.3949	0.3733
13	98.9574	0.0263	0.0764	0.2382	0.4675	0.1916
14	98.3293	0.0043	0.0259	0.161	0	0.4702	0.2976	0.0409
15	98.0138	0.0017	0.0096	0.0839	0.3761	0.4093	0.0998	0.0197
16	98.2233	8e-04	0.0022	0.03	0.2337	0	0.522	0.1562	0.0472	0.0079
17	98.7349	8e-04	0.0019	0.0146	0.1152	0.4294	0.2806	0.114	0.0362	0.0072
18	99.2174	5e-04	0.0013	0.0066	0.0433	0.2908	0	0.3312	0.218	0.0767	0.0267	0.005
19	99.5134	0.001	0.0012	0.0074	0.029	0.145	0.2323	0.2917	0.1843	0.0762	0.0263	0.0055
20	99.6911	0.001	0.0012	0.0048	0.0176	0.0704	0.1449	0	0.2809	0.2453	0.1596	0.0505	0.0192	0.0045
21	99.7886	0.0013	0.002	0.0054	0.0189	0.0569	0.1038	0.1384	0.2552	0.2215	0.1327	0.043	0.0166	0.0041
