Allele	DQA1_04_01__DQB1_05_12
Version	2.0.2
Type	Standard
n_specificities	1
npep_u	1
npep_t	5000
spec_ids	1
L_core	9
L_N	0
L_C	0
CS_perL	1
pepL_lower	12
pepL_upper	21
n_diff_aa	20

PWM_norm.1	P1	P2	P3	P4	P5	P6	P7	P8	P9
A	1.2882	1.3388	1.4764	0.4394	0.7471	2.2547	0.939	0.9026	1.0044
C	0.3532	0.0854	0.2259	0.188	0.1679	0.4697	0.1696	0.1401	0.2514
D	0.386	1.2309	1.6969	0.2878	1.072	2.6135	2.074	0.9226	2.1582
E	0.7315	1.5348	0.5872	0.1696	1.3119	1.8342	1.2588	1.5301	1.4763
F	1.5939	0.7716	1.489	6.6717	0.7088	0.3699	0.4252	1.8747	1.259
G	0.3902	0.5695	1.6256	0.1903	0.7965	0.5989	0.3174	0.3714	0.6643
H	0.7046	1.8846	1.8187	1.8508	1.3595	0.3178	1.9376	0.3636	1.0016
I	2.6568	1.1241	0.7166	0.6776	1.0102	1.4563	0.9461	1.6124	2.474
K	0.2449	0.7855	0.5742	0.2567	1.3518	0.2882	0.8188	0.9709	0.2191
L	1.0248	0.6854	0.4083	0.6071	0.8174	0.5514	0.5021	0.8982	1.1349
M	1.431	0.6197	0.8355	1.7284	0.5751	0.5041	0.4231	1.6145	1.3774
N	0.6183	1.4681	0.7727	0.3855	1.1059	0.5552	0.9506	0.9003	0.7838
P	1.1531	0.0858	0.5631	0.0713	1.2024	1.2097	2.181	0.9818	0.2068
Q	0.8462	1.0315	1.2637	0.4155	1.213	0.4736	1.703	0.9665	1.8294
R	0.1741	1.6466	0.4991	0.2053	1.0381	0.2166	0.4836	0.8141	0.228
S	0.6919	1.0891	1.4655	0.1369	0.7214	0.8473	0.8352	0.5874	0.5733
T	0.944	1.1224	1.033	0.1995	1.1048	1.1129	0.8966	0.8755	0.6756
V	2.2639	0.8717	0.8005	0.3696	1.4108	1.5456	1.3324	1.1399	1.3912
W	2.2282	0.9486	0.7648	13.2487	0.2074	0.2336	0.509	0.6785	0.6603
Y	1.9601	1.1306	1.9482	9.3431	1.1616	0.404	0.8046	2.636	0.7579

pepL	alpha	w_s
12	99.5307	0.083	0.1488	0	0.3949	0.3733
13	98.9574	0.0263	0.0764	0.2382	0.4675	0.1916
14	98.3293	0.0043	0.0259	0.161	0	0.4702	0.2976	0.0409
15	98.0138	0.0017	0.0096	0.0839	0.3761	0.4093	0.0998	0.0197
16	98.2233	8e-04	0.0022	0.03	0.2337	0	0.522	0.1562	0.0472	0.0079
17	98.7349	8e-04	0.0019	0.0146	0.1152	0.4294	0.2806	0.114	0.0362	0.0072
18	99.2174	5e-04	0.0013	0.0066	0.0433	0.2908	0	0.3312	0.218	0.0767	0.0267	0.005
19	99.5134	0.001	0.0012	0.0074	0.029	0.145	0.2323	0.2917	0.1843	0.0762	0.0263	0.0055
20	99.6911	0.001	0.0012	0.0048	0.0176	0.0704	0.1449	0	0.2809	0.2453	0.1596	0.0505	0.0192	0.0045
21	99.7886	0.0013	0.002	0.0054	0.0189	0.0569	0.1038	0.1384	0.2552	0.2215	0.1327	0.043	0.0166	0.0041
