Allele	DQA1_01_14__DQB1_03_197Q
Version	2.0.2
Type	Standard
n_specificities	1
npep_u	1
npep_t	5000
spec_ids	1
L_core	9
L_N	0
L_C	0
CS_perL	1
pepL_lower	12
pepL_upper	21
n_diff_aa	20

PWM_norm.1	P1	P2	P3	P4	P5	P6	P7	P8	P9
A	1.1047	1.2808	1.966	4.4179	1.6801	1.8314	2.6986	1.6682	2.4421
C	0.454	0.2343	0.2272	0.2179	0.1428	0.442	0.2533	0.1709	0.524
D	0.5477	0.6718	0.4194	0.1836	0.8758	1.3968	0.5252	0.4747	0.7015
E	0.7144	1.0529	0.2764	0.0826	1.3435	0.4979	1.2262	1.2119	0.5806
F	1.6532	0.4387	0.3041	0.4819	0.3701	0.2376	0.6712	0.5825	0.2567
G	0.3908	0.7204	2.004	3.2098	0.4485	0.411	0.7693	0.9256	2.2845
H	1.0006	2.3658	0.6908	0.4312	1.4203	0.2138	0.9967	0.9642	0.9233
I	2.4569	0.7795	0.2438	0.499	0.8979	2.2061	0.8737	1.0548	0.8715
K	0.3955	1.2785	0.245	0.1423	1.6967	0.3047	0.4489	0.6777	0.2944
L	1.113	0.4932	0.1574	0.1039	0.7241	1.2569	0.5981	0.5691	0.3135
M	1.505	0.603	0.1636	0.1643	0.4202	0.9223	0.5216	0.5134	0.4105
N	1.3913	1.2535	0.3776	0.3922	0.9712	0.5254	1.1726	0.8935	1.4471
P	0.8511	0.1379	0.59	0.0694	0.2017	1.6639	0.7317	2.2276	0.5379
Q	1.0253	1.3996	0.3681	0.0807	1.472	0.2722	1.5097	0.9428	1.0985
R	0.3005	1.5494	0.215	0.1502	1.0673	0.1999	1.0856	0.8849	0.2345
S	0.7724	1.0295	2.4012	2.3467	0.8794	0.7122	1.2197	0.9776	2.1573
T	0.8569	1.8525	5.7769	1.2614	1.2253	1.3707	0.757	1.2488	1.0985
V	1.762	0.9763	0.1423	1.5098	1.7329	2.8776	1.1069	1.0473	1.0617
W	1.8876	1.5384	0.2018	0.1867	0.306	0.1183	0.5912	0.4817	0.1463
Y	1.6424	1.2034	0.2906	0.131	0.6788	0.1799	0.7717	0.9618	0.3186

pepL	alpha	w_s
12	99.5307	0.083	0.1488	0	0.3949	0.3733
13	98.9574	0.0263	0.0764	0.2382	0.4675	0.1916
14	98.3293	0.0043	0.0259	0.161	0	0.4702	0.2976	0.0409
15	98.0138	0.0017	0.0096	0.0839	0.3761	0.4093	0.0998	0.0197
16	98.2233	8e-04	0.0022	0.03	0.2337	0	0.522	0.1562	0.0472	0.0079
17	98.7349	8e-04	0.0019	0.0146	0.1152	0.4294	0.2806	0.114	0.0362	0.0072
18	99.2174	5e-04	0.0013	0.0066	0.0433	0.2908	0	0.3312	0.218	0.0767	0.0267	0.005
19	99.5134	0.001	0.0012	0.0074	0.029	0.145	0.2323	0.2917	0.1843	0.0762	0.0263	0.0055
20	99.6911	0.001	0.0012	0.0048	0.0176	0.0704	0.1449	0	0.2809	0.2453	0.1596	0.0505	0.0192	0.0045
21	99.7886	0.0013	0.002	0.0054	0.0189	0.0569	0.1038	0.1384	0.2552	0.2215	0.1327	0.043	0.0166	0.0041
