Allele	DQA1_05_08__DQB1_06_18
Version	2.0.2
Type	Standard
n_specificities	1
npep_u	1
npep_t	5000
spec_ids	1
L_core	9
L_N	0
L_C	0
CS_perL	1
pepL_lower	12
pepL_upper	21
n_diff_aa	20

PWM_norm.1	P1	P2	P3	P4	P5	P6	P7	P8	P9
A	1.2882	1.8736	2.2745	2.8494	1.5962	3.4433	2.2375	1.0787	1.2337
C	0.3532	0.0913	0.2321	0.5826	0.1496	0.4281	0.2726	0.0473	0.5469
D	0.386	0.8976	1.1274	0.6111	0.6693	0.346	0.6497	1.1457	2.2503
E	0.7315	1.0371	0.8603	0.4076	1.0311	0.2981	1.8137	1.1446	0.9567
F	1.5939	0.4697	1.0978	0.692	0.708	0.1634	0.8663	2.3662	1.2239
G	0.3902	1.41	2.4014	0.8922	0.6982	0.5353	0.7485	0.4504	1.1778
H	0.7046	1.9212	0.7825	0.2204	1.2004	0.0889	1.1215	0.2283	0.6845
I	2.6568	0.584	0.7175	2.0183	0.9196	1.7138	0.79	1.8072	2.6737
K	0.2449	1.1341	0.3888	0.1241	1.2933	0.0976	0.5589	0.7696	0.1755
L	1.0248	0.3779	0.4914	0.7582	0.7761	0.5429	0.6925	1.1918	0.8044
M	1.431	0.6284	0.7043	0.7494	0.5666	0.3107	0.4966	0.9484	1.1515
N	0.6183	1.1163	0.7587	0.701	0.6219	0.1514	1.174	0.7676	0.7612
P	1.1531	0.2133	0.8772	0.2116	0.9535	3.1158	0.5005	1.2011	0.3102
Q	0.8462	1.1638	0.6829	0.2298	1.2473	0.1164	1.4573	0.7824	1.1008
R	0.1741	1.123	0.5608	0.0942	1.0051	0.0538	0.895	0.8242	0.1622
S	0.6919	1.2015	1.0794	1.562	0.9077	0.9519	1.1652	0.4953	0.7737
T	0.944	1.549	0.7672	2.0708	1.2412	1.1954	0.6913	0.6849	0.9537
V	2.2639	0.7427	1.1722	2.5091	1.7326	2.8377	0.9479	0.9713	1.6303
W	2.2282	0.8016	0.6778	0.1626	0.4452	0.0474	0.6321	0.4797	0.6646
Y	1.9601	1.435	1.1254	0.1851	0.8321	0.1246	1.0777	2.8844	0.9307

pepL	alpha	w_s
12	99.5307	0.083	0.1488	0	0.3949	0.3733
13	98.9574	0.0263	0.0764	0.2382	0.4675	0.1916
14	98.3293	0.0043	0.0259	0.161	0	0.4702	0.2976	0.0409
15	98.0138	0.0017	0.0096	0.0839	0.3761	0.4093	0.0998	0.0197
16	98.2233	8e-04	0.0022	0.03	0.2337	0	0.522	0.1562	0.0472	0.0079
17	98.7349	8e-04	0.0019	0.0146	0.1152	0.4294	0.2806	0.114	0.0362	0.0072
18	99.2174	5e-04	0.0013	0.0066	0.0433	0.2908	0	0.3312	0.218	0.0767	0.0267	0.005
19	99.5134	0.001	0.0012	0.0074	0.029	0.145	0.2323	0.2917	0.1843	0.0762	0.0263	0.0055
20	99.6911	0.001	0.0012	0.0048	0.0176	0.0704	0.1449	0	0.2809	0.2453	0.1596	0.0505	0.0192	0.0045
21	99.7886	0.0013	0.002	0.0054	0.0189	0.0569	0.1038	0.1384	0.2552	0.2215	0.1327	0.043	0.0166	0.0041
