Allele	DQA1_01_11__DQB1_05_135
Version	2.0.2
Type	Standard
n_specificities	1
npep_u	1
npep_t	5000
spec_ids	1
L_core	9
L_N	0
L_C	0
CS_perL	1
pepL_lower	12
pepL_upper	21
n_diff_aa	20

PWM_norm.1	P1	P2	P3	P4	P5	P6	P7	P8	P9
A	1.0211	0.8637	1.2887	0.2997	0.5927	0.7144	0.939	1.0635	1.2084
C	0.1618	0.1565	0.1985	0.0992	0.2953	0.1433	0.1696	0.1266	0.0717
D	0.446	0.6607	2.0118	0.1534	1.3735	11.0227	2.074	1.0335	4.487
E	0.8128	1.2426	0.5569	0.0913	1.2894	0.897	1.2588	1.4527	4.1209
F	0.5217	0.4237	0.9941	7.4345	0.7078	0.1353	0.4252	0.8802	0.2699
G	0.3839	0.5516	2.5273	0.105	0.7438	0.2626	0.3174	0.5405	0.8363
H	0.7887	1.7746	4.5162	1.955	1.4807	0.1696	1.9376	0.6415	0.973
I	1.956	0.6513	0.4452	0.5818	1.0536	1.5958	0.9461	0.929	0.4296
K	0.1697	1.5139	0.5176	0.1319	1.3371	0.2357	0.8188	1.638	0.1983
L	1.3363	0.4874	0.3841	0.4589	0.8167	0.6388	0.5021	0.5579	0.2936
M	0.8376	0.4391	0.4607	1.4938	0.5943	0.3733	0.4231	0.9184	0.3383
N	3.7299	0.8145	0.6609	0.1916	1.2904	0.5773	0.9506	0.7567	0.623
P	0.1534	0.0924	0.6193	0.0396	1.1234	0.2636	2.181	1.251	0.1441
Q	1.7538	1.5878	2.0561	0.2907	1.2944	0.2463	1.703	0.8646	1.5359
R	0.124	1.8762	0.2354	0.1262	0.9469	0.1304	0.4836	1.4906	0.1479
S	1.6821	1.0887	0.9643	0.0879	0.672	0.3133	0.8352	1.0376	0.8246
T	1.0271	1.9013	0.4727	0.1364	1.0771	0.5724	0.8966	1.1689	0.5674
V	1.5452	1.8104	0.2442	0.2919	1.2879	0.8489	1.3324	0.8706	0.4105
W	0.271	0.4839	0.3125	15.1383	0.2322	0.1042	0.509	0.744	0.1117
Y	0.3196	0.6916	2.117	10.8442	1.4019	0.1491	0.8046	1.2144	0.2109

pepL	alpha	w_s
12	99.5307	0.083	0.1488	0	0.3949	0.3733
13	98.9574	0.0263	0.0764	0.2382	0.4675	0.1916
14	98.3293	0.0043	0.0259	0.161	0	0.4702	0.2976	0.0409
15	98.0138	0.0017	0.0096	0.0839	0.3761	0.4093	0.0998	0.0197
16	98.2233	8e-04	0.0022	0.03	0.2337	0	0.522	0.1562	0.0472	0.0079
17	98.7349	8e-04	0.0019	0.0146	0.1152	0.4294	0.2806	0.114	0.0362	0.0072
18	99.2174	5e-04	0.0013	0.0066	0.0433	0.2908	0	0.3312	0.218	0.0767	0.0267	0.005
19	99.5134	0.001	0.0012	0.0074	0.029	0.145	0.2323	0.2917	0.1843	0.0762	0.0263	0.0055
20	99.6911	0.001	0.0012	0.0048	0.0176	0.0704	0.1449	0	0.2809	0.2453	0.1596	0.0505	0.0192	0.0045
21	99.7886	0.0013	0.002	0.0054	0.0189	0.0569	0.1038	0.1384	0.2552	0.2215	0.1327	0.043	0.0166	0.0041
