Allele	DQA1_01_03__DQB1_04_01
Version	2.0.2
Type	Standard
n_specificities	1
npep_u	1
npep_t	5000
spec_ids	1
L_core	9
L_N	0
L_C	0
CS_perL	1
pepL_lower	12
pepL_upper	21
n_diff_aa	20

PWM_norm.1	P1	P2	P3	P4	P5	P6	P7	P8	P9
A	1.1047	1.2808	0.7497	1.3552	0.9598	1.5649	1.3929	1.6276	2.4826
C	0.454	0.2343	0.1384	0.6025	0.3546	0.2571	0.5101	0.1686	0.8905
D	0.5477	0.6718	1.3865	0.4937	1.1071	0.5385	0.6721	0.5135	0.6285
E	0.7144	1.0529	0.2735	0.4877	1.0994	0.4459	1.3956	1.1878	0.4396
F	1.6532	0.4387	0.4579	2.3153	0.6897	0.4794	0.7833	0.611	0.4672
G	0.3908	0.7204	0.746	0.5522	0.6396	0.3075	0.6461	0.9182	2.2988
H	1.0006	2.3658	1.2978	1.5623	1.3558	0.2843	2.1934	0.9602	0.7563
I	2.4569	0.7795	0.366	2.1885	1.1277	2.9759	0.8556	1.0369	1.0104
K	0.3955	1.2785	0.3579	0.4977	1.5329	0.3096	0.9693	0.7414	0.3673
L	1.113	0.4932	0.1536	0.8286	0.8976	1.9644	0.989	0.6066	0.4047
M	1.505	0.603	0.1948	2.033	0.8482	2.2017	0.8473	0.5456	0.7806
N	1.3913	1.2535	0.2883	0.6447	1.174	0.5105	1.6239	0.9226	1.0265
P	0.8511	0.1379	0.2115	0.1492	0.7247	0.8808	0.4083	2.1016	0.5164
Q	1.0253	1.3996	0.8875	0.6532	1.3528	0.4575	1.7994	0.9458	1.1429
R	0.3005	1.5494	0.1073	0.3689	1.0024	0.1916	1.1717	0.9297	0.2695
S	0.7724	1.0295	2.8784	0.6905	0.7176	0.3835	0.7043	0.9815	1.9561
T	0.8569	1.8525	6.7374	1.2881	1.2401	1.0284	0.5633	1.2328	1.039
V	1.762	0.9763	0.1582	1.9924	1.2388	3.1447	0.9249	1.028	1.0183
W	1.8876	1.5384	0.2119	2.8941	0.416	0.1782	1.036	0.4807	0.3267
Y	1.6424	1.2034	0.4128	2.1972	1.1697	0.3236	1.1051	0.9989	0.4892

pepL	alpha	w_s
12	99.5307	0.083	0.1488	0	0.3949	0.3733
13	98.9574	0.0263	0.0764	0.2382	0.4675	0.1916
14	98.3293	0.0043	0.0259	0.161	0	0.4702	0.2976	0.0409
15	98.0138	0.0017	0.0096	0.0839	0.3761	0.4093	0.0998	0.0197
16	98.2233	8e-04	0.0022	0.03	0.2337	0	0.522	0.1562	0.0472	0.0079
17	98.7349	8e-04	0.0019	0.0146	0.1152	0.4294	0.2806	0.114	0.0362	0.0072
18	99.2174	5e-04	0.0013	0.0066	0.0433	0.2908	0	0.3312	0.218	0.0767	0.0267	0.005
19	99.5134	0.001	0.0012	0.0074	0.029	0.145	0.2323	0.2917	0.1843	0.0762	0.0263	0.0055
20	99.6911	0.001	0.0012	0.0048	0.0176	0.0704	0.1449	0	0.2809	0.2453	0.1596	0.0505	0.0192	0.0045
21	99.7886	0.0013	0.002	0.0054	0.0189	0.0569	0.1038	0.1384	0.2552	0.2215	0.1327	0.043	0.0166	0.0041
