Allele	DQA1_06_01__DQB1_06_09
Version	2.0.2
Type	Standard
n_specificities	1
npep_u	1
npep_t	5000
spec_ids	1
L_core	9
L_N	0
L_C	0
CS_perL	1
pepL_lower	12
pepL_upper	21
n_diff_aa	20

PWM_norm.1	P1	P2	P3	P4	P5	P6	P7	P8	P9
A	0.822	1.8736	0.9841	2.5255	1.5962	3.021	2.2375	0.9026	1.0233
C	0.2076	0.0913	0.1396	0.6907	0.1496	0.5039	0.2726	0.1401	0.3177
D	0.1697	0.8976	1.0061	0.5748	0.6693	0.6324	0.6497	0.9226	2.5351
E	0.4045	1.0371	0.609	0.5021	1.0311	0.4372	1.8137	1.5301	1.5898
F	4.7591	0.4697	0.3024	0.8148	0.708	0.1985	0.8663	1.8747	1.3233
G	0.1723	1.41	0.5778	0.8239	0.6982	0.5576	0.7485	0.3714	1.0031
H	1.0949	1.9212	0.2742	0.4202	1.2004	0.1389	1.1215	0.3636	0.975
I	2.5138	0.584	0.4425	1.8414	0.9196	1.5877	0.79	1.6124	2.4059
K	0.1579	1.1341	0.2688	0.158	1.2933	0.1723	0.5589	0.9709	0.229
L	1.4159	0.3779	0.1288	0.8153	0.7761	0.5496	0.6925	0.8982	0.7668
M	1.8092	0.6284	0.1994	0.7809	0.5666	0.3764	0.4966	1.6145	1.1613
N	0.4815	1.1163	0.3799	0.8084	0.6219	0.2978	1.174	0.9003	0.704
P	0.5083	0.2133	0.2435	0.1815	0.9535	2.5786	0.5005	0.9818	0.2941
Q	0.4913	1.1638	0.332	0.3329	1.2473	0.1817	1.4573	0.9665	1.4678
R	0.0848	1.123	0.1598	0.1217	1.0051	0.0851	0.895	0.8141	0.1985
S	0.2695	1.2015	3.0366	1.5084	0.9077	1.1598	1.1652	0.5874	0.6527
T	0.3604	1.549	7.0196	2.2059	1.2412	1.2411	0.6913	0.8755	0.6995
V	1.4187	0.7427	0.4076	2.4245	1.7326	2.859	0.9479	1.1399	1.3199
W	3.5406	0.8016	0.6179	0.2442	0.4452	0.0793	0.6321	0.6785	0.6632
Y	5.6178	1.435	0.2105	0.2671	0.8321	0.1621	1.0777	2.636	0.8799

pepL	alpha	w_s
12	99.5307	0.083	0.1488	0	0.3949	0.3733
13	98.9574	0.0263	0.0764	0.2382	0.4675	0.1916
14	98.3293	0.0043	0.0259	0.161	0	0.4702	0.2976	0.0409
15	98.0138	0.0017	0.0096	0.0839	0.3761	0.4093	0.0998	0.0197
16	98.2233	8e-04	0.0022	0.03	0.2337	0	0.522	0.1562	0.0472	0.0079
17	98.7349	8e-04	0.0019	0.0146	0.1152	0.4294	0.2806	0.114	0.0362	0.0072
18	99.2174	5e-04	0.0013	0.0066	0.0433	0.2908	0	0.3312	0.218	0.0767	0.0267	0.005
19	99.5134	0.001	0.0012	0.0074	0.029	0.145	0.2323	0.2917	0.1843	0.0762	0.0263	0.0055
20	99.6911	0.001	0.0012	0.0048	0.0176	0.0704	0.1449	0	0.2809	0.2453	0.1596	0.0505	0.0192	0.0045
21	99.7886	0.0013	0.002	0.0054	0.0189	0.0569	0.1038	0.1384	0.2552	0.2215	0.1327	0.043	0.0166	0.0041
