Allele	DQA1_03_02__DQB1_06_88
Version	2.0.2
Type	Standard
n_specificities	1
npep_u	1
npep_t	5000
spec_ids	1
L_core	9
L_N	0
L_C	0
CS_perL	1
pepL_lower	12
pepL_upper	21
n_diff_aa	20

PWM_norm.1	P1	P2	P3	P4	P5	P6	P7	P8	P9
A	0.7184	1.8736	2.2745	2.8494	1.5962	3.4433	2.2375	0.9026	0.8991
C	0.2675	0.0913	0.2321	0.5826	0.1496	0.4281	0.2726	0.1401	0.1819
D	1.7803	0.8976	1.1274	0.6111	0.6693	0.346	0.6497	0.9226	2.8286
E	1.4489	1.0371	0.8603	0.4076	1.0311	0.2981	1.8137	1.5301	2.2368
F	3.0278	0.4697	1.0978	0.692	0.708	0.1634	0.8663	1.8747	1.0662
G	0.3731	1.41	2.4014	0.8922	0.6982	0.5353	0.7485	0.3714	1.0092
H	1.3281	1.9212	0.7825	0.2204	1.2004	0.0889	1.1215	0.3636	1.0419
I	1.733	0.584	0.7175	2.0183	0.9196	1.7138	0.79	1.6124	2.3773
K	0.2722	1.1341	0.3888	0.1241	1.2933	0.0976	0.5589	0.9709	0.1769
L	0.899	0.3779	0.4914	0.7582	0.7761	0.5429	0.6925	0.8982	0.6887
M	1.0223	0.6284	0.7043	0.7494	0.5666	0.3107	0.4966	1.6145	0.9166
N	0.7457	1.1163	0.7587	0.701	0.6219	0.1514	1.174	0.9003	0.639
P	0.5952	0.2133	0.8772	0.2116	0.9535	3.1158	0.5005	0.9818	0.2369
Q	0.7435	1.1638	0.6829	0.2298	1.2473	0.1164	1.4573	0.9665	1.6955
R	0.1795	1.123	0.5608	0.0942	1.0051	0.0538	0.895	0.8141	0.1468
S	0.525	1.2015	1.0794	1.562	0.9077	0.9519	1.1652	0.5874	0.5862
T	0.4066	1.549	0.7672	2.0708	1.2412	1.1954	0.6913	0.8755	0.5588
V	1.3045	0.7427	1.1722	2.5091	1.7326	2.8377	0.9479	1.1399	1.2333
W	3.1037	0.8016	0.6778	0.1626	0.4452	0.0474	0.6321	0.6785	0.3707
Y	3.5643	1.435	1.1254	0.1851	0.8321	0.1246	1.0777	2.636	0.6888

pepL	alpha	w_s
12	99.5307	0.083	0.1488	0	0.3949	0.3733
13	98.9574	0.0263	0.0764	0.2382	0.4675	0.1916
14	98.3293	0.0043	0.0259	0.161	0	0.4702	0.2976	0.0409
15	98.0138	0.0017	0.0096	0.0839	0.3761	0.4093	0.0998	0.0197
16	98.2233	8e-04	0.0022	0.03	0.2337	0	0.522	0.1562	0.0472	0.0079
17	98.7349	8e-04	0.0019	0.0146	0.1152	0.4294	0.2806	0.114	0.0362	0.0072
18	99.2174	5e-04	0.0013	0.0066	0.0433	0.2908	0	0.3312	0.218	0.0767	0.0267	0.005
19	99.5134	0.001	0.0012	0.0074	0.029	0.145	0.2323	0.2917	0.1843	0.0762	0.0263	0.0055
20	99.6911	0.001	0.0012	0.0048	0.0176	0.0704	0.1449	0	0.2809	0.2453	0.1596	0.0505	0.0192	0.0045
21	99.7886	0.0013	0.002	0.0054	0.0189	0.0569	0.1038	0.1384	0.2552	0.2215	0.1327	0.043	0.0166	0.0041
