Allele	DQA1_01_19__DQB1_06_217
Version	2.0.2
Type	Standard
n_specificities	1
npep_u	1
npep_t	5000
spec_ids	1
L_core	9
L_N	0
L_C	0
CS_perL	1
pepL_lower	12
pepL_upper	21
n_diff_aa	20

PWM_norm.1	P1	P2	P3	P4	P5	P6	P7	P8	P9
A	0.6222	1.2808	2.3983	2.1561	1.1428	0.4343	1.0466	0.9026	0.7311
C	0.1428	0.2343	0.2366	0.412	0.278	0.0756	0.303	0.1401	0.243
D	0.2075	0.6718	0.9117	0.2441	0.9992	14.8086	0.6012	0.9226	2.6961
E	0.4621	1.0529	0.6323	0.1494	1.7151	0.4398	1.3764	1.5301	1.1259
F	3.0676	0.4387	0.7371	0.3472	0.7008	0.0605	2.3626	1.8747	1.558
G	0.1755	0.7204	5.2043	0.3563	0.4969	0.1418	0.2832	0.3714	0.6521
H	2.6915	2.3658	1.3449	0.1454	1.5451	0.0694	2.456	0.3636	0.7137
I	1.938	0.7795	0.2229	3.4018	0.7887	1.0062	0.9706	1.6124	3.2094
K	0.1514	1.2785	0.218	0.0711	1.4684	0.0899	0.339	0.9709	0.1846
L	2.0942	0.4932	0.3651	0.6223	0.5925	0.4814	0.444	0.8982	1.2952
M	1.3334	0.603	0.4594	0.6303	0.3943	0.2008	0.4483	1.6145	1.4624
N	3.5901	1.2535	0.5113	0.3849	0.7433	0.4097	1.3338	0.9003	0.7355
P	0.0739	0.1379	1.1924	0.0845	0.2534	0.208	2.084	0.9818	0.1691
Q	1.1754	1.3996	0.829	0.1194	1.722	0.1111	0.9368	0.9665	1.3314
R	0.0941	1.5494	0.214	0.059	0.9118	0.0536	0.5676	0.8141	0.1599
S	0.4818	1.0295	0.7973	1.168	1.1336	0.1834	0.7342	0.5874	0.3995
T	0.3475	1.8525	0.3949	2.3549	1.4134	0.3245	0.8637	0.8755	0.5408
V	0.8773	0.9763	0.1879	4.8881	1.3717	0.6062	1.0934	1.1399	1.6545
W	0.8945	1.5384	0.1797	0.0978	0.5049	0.0395	3.1014	0.6785	0.65
Y	2.82	1.2034	0.8897	0.1127	0.8413	0.0601	1.6247	2.636	1.0092

pepL	alpha	w_s
12	99.5307	0.083	0.1488	0	0.3949	0.3733
13	98.9574	0.0263	0.0764	0.2382	0.4675	0.1916
14	98.3293	0.0043	0.0259	0.161	0	0.4702	0.2976	0.0409
15	98.0138	0.0017	0.0096	0.0839	0.3761	0.4093	0.0998	0.0197
16	98.2233	8e-04	0.0022	0.03	0.2337	0	0.522	0.1562	0.0472	0.0079
17	98.7349	8e-04	0.0019	0.0146	0.1152	0.4294	0.2806	0.114	0.0362	0.0072
18	99.2174	5e-04	0.0013	0.0066	0.0433	0.2908	0	0.3312	0.218	0.0767	0.0267	0.005
19	99.5134	0.001	0.0012	0.0074	0.029	0.145	0.2323	0.2917	0.1843	0.0762	0.0263	0.0055
20	99.6911	0.001	0.0012	0.0048	0.0176	0.0704	0.1449	0	0.2809	0.2453	0.1596	0.0505	0.0192	0.0045
21	99.7886	0.0013	0.002	0.0054	0.0189	0.0569	0.1038	0.1384	0.2552	0.2215	0.1327	0.043	0.0166	0.0041
