Allele	DQA1_06_01__DQB1_06_222
Version	2.0.2
Type	Standard
n_specificities	1
npep_u	1
npep_t	5000
spec_ids	1
L_core	9
L_N	0
L_C	0
CS_perL	1
pepL_lower	12
pepL_upper	21
n_diff_aa	20

PWM_norm.1	P1	P2	P3	P4	P5	P6	P7	P8	P9
A	1.2882	1.8736	0.9841	3.5986	1.3808	2.3852	0.8359	1.6121	2.8042
C	0.3532	0.0913	0.1396	0.8271	0.098	0.3744	0.1914	0.1444	0.5174
D	0.386	0.8976	1.0061	0.4809	0.6165	2.128	0.9335	0.514	1.2593
E	0.7315	1.0371	0.609	0.3582	1.0123	1.4	0.8354	1.1921	0.58
F	1.5939	0.4697	0.3024	0.8985	0.7983	0.247	0.9002	0.5892	0.2093
G	0.3902	1.41	0.5778	0.8833	0.6907	0.5094	0.208	0.8967	1.9048
H	0.7046	1.9212	0.2742	0.8611	1.5916	0.1431	1.9632	0.7732	0.6263
I	2.6568	0.584	0.4425	1.1208	0.8637	1.2307	1.073	1.0715	0.8045
K	0.2449	1.1341	0.2688	0.2213	1.5865	0.1353	0.6307	0.6972	0.2152
L	1.0248	0.3779	0.1288	0.5298	0.7276	0.6073	0.5509	0.5376	0.3307
M	1.431	0.6284	0.1994	0.705	0.5012	0.4218	0.6403	0.5273	0.3779
N	0.6183	1.1163	0.3799	0.8325	0.6754	0.5147	0.7173	0.8892	1.6875
P	1.1531	0.2133	0.2435	0.1628	0.807	2.0065	2.892	2.3149	0.3377
Q	0.8462	1.1638	0.332	0.3293	1.1103	0.3128	1.1683	0.8613	0.8105
R	0.1741	1.123	0.1598	0.1427	1.1747	0.0779	0.7169	0.9136	0.1468
S	0.6919	1.2015	3.0366	1.8104	1.0483	1.0123	0.8571	1.0388	2.2695
T	0.944	1.549	7.0196	1.9016	0.9906	1.0561	1.2487	1.3217	1.215
V	2.2639	0.7427	0.4076	1.8082	1.8785	2.196	1.7244	1.0354	1.0494
W	2.2282	0.8016	0.6179	0.3769	0.3915	0.114	1.0577	0.4186	0.1254
Y	1.9601	1.435	0.2105	0.3719	0.7131	0.2361	0.8916	0.9926	0.1952

pepL	alpha	w_s
12	99.5307	0.083	0.1488	0	0.3949	0.3733
13	98.9574	0.0263	0.0764	0.2382	0.4675	0.1916
14	98.3293	0.0043	0.0259	0.161	0	0.4702	0.2976	0.0409
15	98.0138	0.0017	0.0096	0.0839	0.3761	0.4093	0.0998	0.0197
16	98.2233	8e-04	0.0022	0.03	0.2337	0	0.522	0.1562	0.0472	0.0079
17	98.7349	8e-04	0.0019	0.0146	0.1152	0.4294	0.2806	0.114	0.0362	0.0072
18	99.2174	5e-04	0.0013	0.0066	0.0433	0.2908	0	0.3312	0.218	0.0767	0.0267	0.005
19	99.5134	0.001	0.0012	0.0074	0.029	0.145	0.2323	0.2917	0.1843	0.0762	0.0263	0.0055
20	99.6911	0.001	0.0012	0.0048	0.0176	0.0704	0.1449	0	0.2809	0.2453	0.1596	0.0505	0.0192	0.0045
21	99.7886	0.0013	0.002	0.0054	0.0189	0.0569	0.1038	0.1384	0.2552	0.2215	0.1327	0.043	0.0166	0.0041
