Allele	DQA1_01_03__DQB1_06_217
Version	2.0.2
Type	Standard
n_specificities	1
npep_u	1
npep_t	5000
spec_ids	1
L_core	9
L_N	0
L_C	0
CS_perL	1
pepL_lower	12
pepL_upper	21
n_diff_aa	20

PWM_norm.1	P1	P2	P3	P4	P5	P6	P7	P8	P9
A	0.6222	1.2808	1.0702	2.1529	1.1428	0.8106	1.0466	0.9026	0.7311
C	0.1428	0.2343	0.173	0.4762	0.278	0.1753	0.303	0.1401	0.243
D	0.2075	0.6718	0.51	0.2304	0.9992	9.1408	0.6012	0.9226	2.6961
E	0.4621	1.0529	0.2444	0.1745	1.7151	0.866	1.3764	1.5301	1.1259
F	3.0676	0.4387	0.2688	0.4416	0.7008	0.1162	2.3626	1.8747	1.558
G	0.1755	0.7204	0.9541	0.3562	0.4969	0.2052	0.2832	0.3714	0.6521
H	2.6915	2.3658	0.4024	0.2897	1.5451	0.1128	2.456	0.3636	0.7137
I	1.938	0.7795	0.2316	2.9771	0.7887	1.488	0.9706	1.6124	3.2094
K	0.1514	1.2785	0.1903	0.0889	1.4684	0.132	0.339	0.9709	0.1846
L	2.0942	0.4932	0.1265	0.6445	0.5925	0.9286	0.444	0.8982	1.2952
M	1.3334	0.603	0.1464	0.6661	0.3943	0.5462	0.4483	1.6145	1.4624
N	3.5901	1.2535	0.2267	0.4364	0.7433	0.567	1.3338	0.9003	0.7355
P	0.0739	0.1379	0.2913	0.0731	0.2534	0.6589	2.084	0.9818	0.1691
Q	1.1754	1.3996	0.3127	0.1713	1.722	0.2212	0.9368	0.9665	1.3314
R	0.0941	1.5494	0.0829	0.0723	0.9118	0.0767	0.5676	0.8141	0.1599
S	0.4818	1.0295	2.2362	1.3151	1.1336	0.3406	0.7342	0.5874	0.3995
T	0.3475	1.8525	9.4187	2.4722	1.4134	0.6284	0.8637	0.8755	0.5408
V	0.8773	0.9763	0.1234	4.56	1.3717	1.6038	1.0934	1.1399	1.6545
W	0.8945	1.5384	0.1706	0.1407	0.5049	0.0749	3.1014	0.6785	0.65
Y	2.82	1.2034	0.1701	0.1565	0.8413	0.1184	1.6247	2.636	1.0092

pepL	alpha	w_s
12	99.5307	0.083	0.1488	0	0.3949	0.3733
13	98.9574	0.0263	0.0764	0.2382	0.4675	0.1916
14	98.3293	0.0043	0.0259	0.161	0	0.4702	0.2976	0.0409
15	98.0138	0.0017	0.0096	0.0839	0.3761	0.4093	0.0998	0.0197
16	98.2233	8e-04	0.0022	0.03	0.2337	0	0.522	0.1562	0.0472	0.0079
17	98.7349	8e-04	0.0019	0.0146	0.1152	0.4294	0.2806	0.114	0.0362	0.0072
18	99.2174	5e-04	0.0013	0.0066	0.0433	0.2908	0	0.3312	0.218	0.0767	0.0267	0.005
19	99.5134	0.001	0.0012	0.0074	0.029	0.145	0.2323	0.2917	0.1843	0.0762	0.0263	0.0055
20	99.6911	0.001	0.0012	0.0048	0.0176	0.0704	0.1449	0	0.2809	0.2453	0.1596	0.0505	0.0192	0.0045
21	99.7886	0.0013	0.002	0.0054	0.0189	0.0569	0.1038	0.1384	0.2552	0.2215	0.1327	0.043	0.0166	0.0041
