Allele	DQA1_04_01__DQB1_06_107
Version	2.0.2
Type	Standard
n_specificities	1
npep_u	1
npep_t	5000
spec_ids	1
L_core	9
L_N	0
L_C	0
CS_perL	1
pepL_lower	12
pepL_upper	21
n_diff_aa	20

PWM_norm.1	P1	P2	P3	P4	P5	P6	P7	P8	P9
A	1.2882	1.8736	1.8511	3.4103	1.5378	3.1804	2.1165	1.6276	3.5196
C	0.3532	0.0913	0.27	0.9002	0.1256	0.5365	0.1394	0.1686	0.5332
D	0.386	0.8976	1.4729	0.7846	0.6845	0.1297	0.4112	0.5135	0.6621
E	0.7315	1.0371	0.6703	0.5167	0.9725	0.2357	1.0564	1.1878	0.3945
F	1.5939	0.4697	1.5952	1.1083	0.6811	0.4609	0.694	0.611	0.2969
G	0.3902	1.41	1.8803	0.9351	0.6667	0.445	0.3535	0.9182	2.7227
H	0.7046	1.9212	0.9754	0.4673	1.2065	0.1597	2.2259	0.9602	0.4726
I	2.6568	0.584	0.6932	1.3901	1.0073	2.3577	0.5599	1.0369	0.5876
K	0.2449	1.1341	0.4367	0.264	1.4811	0.1245	0.7548	0.7414	0.1643
L	1.0248	0.3779	0.4251	0.7512	0.8525	0.8335	0.7385	0.6066	0.2347
M	1.431	0.6284	0.9451	1.4252	0.6812	0.7912	0.4572	0.5456	0.5367
N	0.6183	1.1163	0.7415	0.8309	0.8203	0.2541	0.7818	0.9226	0.7091
P	1.1531	0.2133	0.6274	0.2169	0.9407	2.0335	0.3021	2.1016	0.3574
Q	0.8462	1.1638	1.0596	0.4592	1.1694	0.1926	2.8492	0.9458	1.2782
R	0.1741	1.123	0.4571	0.1645	1.1336	0.0685	2.5824	0.9297	0.1436
S	0.6919	1.2015	1.4122	1.3269	0.8473	0.7199	0.6089	0.9815	2.3405
T	0.944	1.549	1.0862	1.4086	1.1846	1.36	0.3982	1.2328	0.9631
V	2.2639	0.7427	0.9651	1.4951	1.5134	3.195	0.8446	1.028	0.6763
W	2.2282	0.8016	0.6323	0.6419	0.2849	0.0973	0.6188	0.4807	0.1134
Y	1.9601	1.435	1.4395	0.5725	0.8203	0.29	1.4369	0.9989	0.2046

pepL	alpha	w_s
12	99.5307	0.083	0.1488	0	0.3949	0.3733
13	98.9574	0.0263	0.0764	0.2382	0.4675	0.1916
14	98.3293	0.0043	0.0259	0.161	0	0.4702	0.2976	0.0409
15	98.0138	0.0017	0.0096	0.0839	0.3761	0.4093	0.0998	0.0197
16	98.2233	8e-04	0.0022	0.03	0.2337	0	0.522	0.1562	0.0472	0.0079
17	98.7349	8e-04	0.0019	0.0146	0.1152	0.4294	0.2806	0.114	0.0362	0.0072
18	99.2174	5e-04	0.0013	0.0066	0.0433	0.2908	0	0.3312	0.218	0.0767	0.0267	0.005
19	99.5134	0.001	0.0012	0.0074	0.029	0.145	0.2323	0.2917	0.1843	0.0762	0.0263	0.0055
20	99.6911	0.001	0.0012	0.0048	0.0176	0.0704	0.1449	0	0.2809	0.2453	0.1596	0.0505	0.0192	0.0045
21	99.7886	0.0013	0.002	0.0054	0.0189	0.0569	0.1038	0.1384	0.2552	0.2215	0.1327	0.043	0.0166	0.0041
