Allele	DQA1_03_03__DQB1_06_49
Version	2.0.2
Type	Standard
n_specificities	1
npep_u	1
npep_t	5000
spec_ids	1
L_core	9
L_N	0
L_C	0
CS_perL	1
pepL_lower	12
pepL_upper	21
n_diff_aa	20

PWM_norm.1	P1	P2	P3	P4	P5	P6	P7	P8	P9
A	0.8567	1.8736	2.9286	5.6302	1.7568	3.2925	2.039	1.6276	3.0997
C	0.2669	0.0913	0.2259	0.3692	0.0739	0.5576	0.1657	0.1686	0.393
D	2.9907	0.8976	0.7426	0.2651	0.6535	0.0941	0.4721	0.5135	0.723
E	1.9331	1.0371	0.6172	0.1939	0.9865	0.2092	0.9606	1.1878	0.5339
F	1.1265	0.4697	0.847	0.555	0.4431	0.4888	0.6948	0.611	0.3207
G	0.5184	1.41	3.0102	1.7465	0.5827	0.4455	0.3461	0.9182	2.7698
H	0.7951	1.9212	0.8878	0.4141	1.3079	0.1216	2.1369	0.9602	0.6318
I	1.3624	0.584	0.483	0.4999	0.9035	2.1673	0.598	1.0369	0.7305
K	0.3905	1.1341	0.3445	0.1495	1.6121	0.0962	0.7186	0.7414	0.1806
L	0.5685	0.3779	0.3724	0.248	0.82	0.8216	0.7356	0.6066	0.2595
M	0.6768	0.6284	0.4925	0.3832	0.4842	0.5652	0.5027	0.5456	0.5538
N	0.6392	1.1163	0.7837	0.5777	0.8192	0.1646	0.8303	0.9226	0.6909
P	1.1848	0.2133	0.9461	0.0929	0.6175	2.2892	0.3739	2.1016	0.3248
Q	0.8723	1.1638	0.6333	0.1664	1.081	0.1187	2.7696	0.9458	1.5529
R	0.3085	1.123	0.7442	0.0948	1.2423	0.0614	2.4947	0.9297	0.1502
S	0.8262	1.2015	1.219	2.3848	0.8697	0.7732	0.6495	0.9815	2.2454
T	0.5936	1.549	0.5822	1.1449	1.0452	1.2925	0.5018	1.2328	0.8621
V	1.5438	0.7427	0.7575	0.9821	1.9941	3.2305	0.9278	1.028	0.7238
W	1.6486	0.8016	0.4325	0.2047	0.2685	0.0916	0.6859	0.4807	0.1
Y	1.2373	1.435	1.11	0.1325	0.7354	0.2717	1.393	0.9989	0.2472

pepL	alpha	w_s
12	99.5307	0.083	0.1488	0	0.3949	0.3733
13	98.9574	0.0263	0.0764	0.2382	0.4675	0.1916
14	98.3293	0.0043	0.0259	0.161	0	0.4702	0.2976	0.0409
15	98.0138	0.0017	0.0096	0.0839	0.3761	0.4093	0.0998	0.0197
16	98.2233	8e-04	0.0022	0.03	0.2337	0	0.522	0.1562	0.0472	0.0079
17	98.7349	8e-04	0.0019	0.0146	0.1152	0.4294	0.2806	0.114	0.0362	0.0072
18	99.2174	5e-04	0.0013	0.0066	0.0433	0.2908	0	0.3312	0.218	0.0767	0.0267	0.005
19	99.5134	0.001	0.0012	0.0074	0.029	0.145	0.2323	0.2917	0.1843	0.0762	0.0263	0.0055
20	99.6911	0.001	0.0012	0.0048	0.0176	0.0704	0.1449	0	0.2809	0.2453	0.1596	0.0505	0.0192	0.0045
21	99.7886	0.0013	0.002	0.0054	0.0189	0.0569	0.1038	0.1384	0.2552	0.2215	0.1327	0.043	0.0166	0.0041
