Allele	DQA1_02_03__DQB1_06_243
Version	2.0.2
Type	Standard
n_specificities	1
npep_u	1
npep_t	5000
spec_ids	1
L_core	9
L_N	0
L_C	0
CS_perL	1
pepL_lower	12
pepL_upper	21
n_diff_aa	20

PWM_norm.1	P1	P2	P3	P4	P5	P6	P7	P8	P9
A	1.0121	1.8736	1.7758	4.4102	1.5639	3.3866	1.8724	1.6276	2.9509
C	0.3834	0.0913	0.2077	0.1682	0.0836	0.531	0.4452	0.1686	0.439
D	0.5822	0.8976	0.7195	0.2198	0.7052	0.1082	0.7058	0.5135	0.3779
E	0.9216	1.0371	0.4941	0.091	1.1932	0.2488	1.3779	1.1878	0.735
F	1.0874	0.4697	0.3258	0.4962	0.442	0.2594	0.6237	0.611	0.5894
G	0.65	1.41	1.2087	5.2059	0.5757	0.3979	0.7399	0.9182	1.2622
H	1.222	1.9212	0.5502	0.2819	1.2166	0.1247	1.6443	0.9602	0.6799
I	1.7884	0.584	0.4336	0.2154	0.9006	1.8216	0.9281	1.0369	0.9178
K	0.3894	1.1341	0.3498	0.1487	1.447	0.125	0.5687	0.7414	0.5301
L	0.7327	0.3779	0.1522	0.0806	0.8391	0.5864	0.6636	0.6066	0.7222
M	1.124	0.6284	0.2013	0.1068	0.458	0.3184	0.6553	0.5456	1.417
N	0.7248	1.1163	0.5479	0.3691	0.756	0.1195	1.7279	0.9226	0.6691
P	1.1685	0.2133	0.4318	0.0962	0.4951	2.675	0.5807	2.1016	0.2123
Q	1.5356	1.1638	0.4002	0.0793	1.104	0.1013	1.5986	0.9458	0.9061
R	0.5053	1.123	0.4274	0.1426	1.1593	0.0702	1.1331	0.9297	0.9706
S	0.7617	1.2015	3.0505	2.0207	0.8994	0.8666	1.07	0.9815	1.7822
T	1.3587	1.549	4.6404	0.7416	1.0444	1.2911	0.74	1.2328	0.9689
V	2.0169	0.7427	0.3793	0.5773	2.2492	3.5022	1.0446	1.028	1.1194
W	1.3349	0.8016	0.6042	0.1641	0.3015	0.058	0.7501	0.4807	0.2898
Y	1.5213	1.435	0.365	0.1233	0.8248	0.1739	0.7539	0.9989	0.4697

pepL	alpha	w_s
12	99.5307	0.083	0.1488	0	0.3949	0.3733
13	98.9574	0.0263	0.0764	0.2382	0.4675	0.1916
14	98.3293	0.0043	0.0259	0.161	0	0.4702	0.2976	0.0409
15	98.0138	0.0017	0.0096	0.0839	0.3761	0.4093	0.0998	0.0197
16	98.2233	8e-04	0.0022	0.03	0.2337	0	0.522	0.1562	0.0472	0.0079
17	98.7349	8e-04	0.0019	0.0146	0.1152	0.4294	0.2806	0.114	0.0362	0.0072
18	99.2174	5e-04	0.0013	0.0066	0.0433	0.2908	0	0.3312	0.218	0.0767	0.0267	0.005
19	99.5134	0.001	0.0012	0.0074	0.029	0.145	0.2323	0.2917	0.1843	0.0762	0.0263	0.0055
20	99.6911	0.001	0.0012	0.0048	0.0176	0.0704	0.1449	0	0.2809	0.2453	0.1596	0.0505	0.0192	0.0045
21	99.7886	0.0013	0.002	0.0054	0.0189	0.0569	0.1038	0.1384	0.2552	0.2215	0.1327	0.043	0.0166	0.0041
