Allele	DQA1_05_08__DQB1_03_72
Version	2.0.2
Type	Standard
n_specificities	1
npep_u	1
npep_t	5000
spec_ids	1
L_core	9
L_N	0
L_C	0
CS_perL	1
pepL_lower	12
pepL_upper	21
n_diff_aa	20

PWM_norm.1	P1	P2	P3	P4	P5	P6	P7	P8	P9
A	1.2035	1.8736	2.2745	3.0269	1.5962	3.3167	2.2375	1.7612	2.7053
C	0.1361	0.0913	0.2321	0.5662	0.1496	0.4769	0.2726	0.0694	1.3982
D	0.1053	0.8976	1.1274	0.5736	0.6693	0.0978	0.6497	0.6452	0.6151
E	0.3403	1.0371	0.8603	0.3605	1.0311	0.2229	1.8137	0.888	0.242
F	2.3197	0.4697	1.0978	1.4355	0.708	0.4242	0.8663	0.9039	0.3251
G	0.1328	1.41	2.4014	1.8403	0.6982	0.4115	0.7485	1.1284	2.0137
H	0.2604	1.9212	0.7825	0.4401	1.2004	0.1248	1.1215	0.5113	0.3184
I	3.1559	0.584	0.7175	1.109	0.9196	2.2869	0.79	1.0945	1.4059
K	0.1156	1.1341	0.3888	0.2137	1.2933	0.1001	0.5589	0.8714	0.1397
L	0.8401	0.3779	0.4914	0.4472	0.7761	0.8358	0.6925	0.7847	0.4852
M	1.2613	0.6284	0.7043	0.6834	0.5666	0.6707	0.4966	0.4269	0.5933
N	0.0671	1.1163	0.7587	0.8171	0.6219	0.1525	1.174	0.8229	1.1196
P	2.7255	0.2133	0.8772	0.3756	0.9535	2.2391	0.5005	2.0433	0.4214
Q	0.249	1.1638	0.6829	0.2875	1.2473	0.1445	1.4573	0.7109	0.5195
R	0.088	1.123	0.5608	0.1651	1.0051	0.0543	0.895	1.0764	0.1243
S	0.2166	1.2015	1.0794	1.8669	0.9077	0.7031	1.1652	0.9678	1.8615
T	0.5383	1.549	0.7672	1.4213	1.2412	1.2003	0.6913	1.0968	1.5776
V	2.7571	0.7427	1.1722	1.5301	1.7326	3.371	0.9479	0.8461	1.6961
W	3.7871	0.8016	0.6778	0.5584	0.4452	0.0809	0.6321	0.3915	0.1632
Y	3.1007	1.435	1.1254	0.5019	0.8321	0.2553	1.0777	1.0598	0.3396

pepL	alpha	w_s
12	99.5307	0.083	0.1488	0	0.3949	0.3733
13	98.9574	0.0263	0.0764	0.2382	0.4675	0.1916
14	98.3293	0.0043	0.0259	0.161	0	0.4702	0.2976	0.0409
15	98.0138	0.0017	0.0096	0.0839	0.3761	0.4093	0.0998	0.0197
16	98.2233	8e-04	0.0022	0.03	0.2337	0	0.522	0.1562	0.0472	0.0079
17	98.7349	8e-04	0.0019	0.0146	0.1152	0.4294	0.2806	0.114	0.0362	0.0072
18	99.2174	5e-04	0.0013	0.0066	0.0433	0.2908	0	0.3312	0.218	0.0767	0.0267	0.005
19	99.5134	0.001	0.0012	0.0074	0.029	0.145	0.2323	0.2917	0.1843	0.0762	0.0263	0.0055
20	99.6911	0.001	0.0012	0.0048	0.0176	0.0704	0.1449	0	0.2809	0.2453	0.1596	0.0505	0.0192	0.0045
21	99.7886	0.0013	0.002	0.0054	0.0189	0.0569	0.1038	0.1384	0.2552	0.2215	0.1327	0.043	0.0166	0.0041
