Allele	DQA1_04_02__DQB1_06_49
Version	2.0.2
Type	Standard
n_specificities	1
npep_u	1
npep_t	5000
spec_ids	1
L_core	9
L_N	0
L_C	0
CS_perL	1
pepL_lower	12
pepL_upper	21
n_diff_aa	20

PWM_norm.1	P1	P2	P3	P4	P5	P6	P7	P8	P9
A	1.2882	1.8736	2.9286	5.6302	1.7568	3.1821	2.039	1.6276	3.5196
C	0.3532	0.0913	0.2259	0.3692	0.0739	0.6232	0.1657	0.1686	0.5332
D	0.386	0.8976	0.7426	0.2651	0.6535	0.1296	0.4721	0.5135	0.6621
E	0.7315	1.0371	0.6172	0.1939	0.9865	0.2211	0.9606	1.1878	0.3945
F	1.5939	0.4697	0.847	0.555	0.4431	0.5528	0.6948	0.611	0.2969
G	0.3902	1.41	3.0102	1.7465	0.5827	0.4859	0.3461	0.9182	2.7227
H	0.7046	1.9212	0.8878	0.4141	1.3079	0.1545	2.1369	0.9602	0.4726
I	2.6568	0.584	0.483	0.4999	0.9035	2.0819	0.598	1.0369	0.5876
K	0.2449	1.1341	0.3445	0.1495	1.6121	0.1242	0.7186	0.7414	0.1643
L	1.0248	0.3779	0.3724	0.248	0.82	0.7749	0.7356	0.6066	0.2347
M	1.431	0.6284	0.4925	0.3832	0.4842	0.6301	0.5027	0.5456	0.5367
N	0.6183	1.1163	0.7837	0.5777	0.8192	0.2731	0.8303	0.9226	0.7091
P	1.1531	0.2133	0.9461	0.0929	0.6175	2.1355	0.3739	2.1016	0.3574
Q	0.8462	1.1638	0.6333	0.1664	1.081	0.151	2.7696	0.9458	1.2782
R	0.1741	1.123	0.7442	0.0948	1.2423	0.0854	2.4947	0.9297	0.1436
S	0.6919	1.2015	1.219	2.3848	0.8697	0.8278	0.6495	0.9815	2.3405
T	0.944	1.549	0.5822	1.1449	1.0452	1.5047	0.5018	1.2328	0.9631
V	2.2639	0.7427	0.7575	0.9821	1.9941	3.0394	0.9278	1.028	0.6763
W	2.2282	0.8016	0.4325	0.2047	0.2685	0.1125	0.6859	0.4807	0.1134
Y	1.9601	1.435	1.11	0.1325	0.7354	0.3158	1.393	0.9989	0.2046

pepL	alpha	w_s
12	99.5307	0.083	0.1488	0	0.3949	0.3733
13	98.9574	0.0263	0.0764	0.2382	0.4675	0.1916
14	98.3293	0.0043	0.0259	0.161	0	0.4702	0.2976	0.0409
15	98.0138	0.0017	0.0096	0.0839	0.3761	0.4093	0.0998	0.0197
16	98.2233	8e-04	0.0022	0.03	0.2337	0	0.522	0.1562	0.0472	0.0079
17	98.7349	8e-04	0.0019	0.0146	0.1152	0.4294	0.2806	0.114	0.0362	0.0072
18	99.2174	5e-04	0.0013	0.0066	0.0433	0.2908	0	0.3312	0.218	0.0767	0.0267	0.005
19	99.5134	0.001	0.0012	0.0074	0.029	0.145	0.2323	0.2917	0.1843	0.0762	0.0263	0.0055
20	99.6911	0.001	0.0012	0.0048	0.0176	0.0704	0.1449	0	0.2809	0.2453	0.1596	0.0505	0.0192	0.0045
21	99.7886	0.0013	0.002	0.0054	0.0189	0.0569	0.1038	0.1384	0.2552	0.2215	0.1327	0.043	0.0166	0.0041
