Allele	DQA1_01_02__DQB1_06_09
Version	2.0.2
Type	Standard
n_specificities	1
npep_u	1
npep_t	5000
spec_ids	1
L_core	9
L_N	0
L_C	0
CS_perL	1
pepL_lower	12
pepL_upper	21
n_diff_aa	20

PWM_norm.1	P1	P2	P3	P4	P5	P6	P7	P8	P9
A	0.6222	1.2808	2.3983	2.1561	1.5359	1.6523	2.2375	0.9026	1.134
C	0.1428	0.2343	0.2366	0.412	0.2297	0.2177	0.2726	0.1401	0.2279
D	0.2075	0.6718	0.9117	0.2441	0.9254	4.4824	0.6497	0.9226	2.4538
E	0.4621	1.0529	0.6323	0.1494	1.3365	0.4155	1.8137	1.5301	1.5422
F	3.0676	0.4387	0.7371	0.3472	0.5295	0.1296	0.8663	1.8747	1.3717
G	0.1755	0.7204	5.2043	0.3563	0.4953	0.3894	0.7485	0.3714	1.1062
H	2.6915	2.3658	1.3449	0.1454	1.4259	0.1324	1.1215	0.3636	1.0021
I	1.938	0.7795	0.2229	3.4018	0.8712	2.5113	0.79	1.6124	2.2126
K	0.1514	1.2785	0.218	0.0711	1.5895	0.2113	0.5589	0.9709	0.2029
L	2.0942	0.4932	0.3651	0.6223	0.6743	1.2124	0.6925	0.8982	0.722
M	1.3334	0.603	0.4594	0.6303	0.4667	0.6913	0.4966	1.6145	1.1773
N	3.5901	1.2535	0.5113	0.3849	0.8845	0.5643	1.174	0.9003	0.6236
P	0.0739	0.1379	1.1924	0.0845	0.2967	1.0508	0.5005	0.9818	0.2599
Q	1.1754	1.3996	0.829	0.1194	1.6929	0.2131	1.4573	0.9665	2.0326
R	0.0941	1.5494	0.214	0.059	0.9272	0.1197	0.895	0.8141	0.1846
S	0.4818	1.0295	0.7973	1.168	0.9804	0.5329	1.1652	0.5874	0.679
T	0.3475	1.8525	0.3949	2.3549	1.4506	1.0243	0.6913	0.8755	0.644
V	0.8773	0.9763	0.1879	4.8881	1.3864	2.2861	0.9479	1.1399	1.1675
W	0.8945	1.5384	0.1797	0.0978	0.4293	0.0626	0.6321	0.6785	0.5196
Y	2.82	1.2034	0.8897	0.1127	0.7396	0.1075	1.0777	2.636	0.762

pepL	alpha	w_s
12	99.5307	0.083	0.1488	0	0.3949	0.3733
13	98.9574	0.0263	0.0764	0.2382	0.4675	0.1916
14	98.3293	0.0043	0.0259	0.161	0	0.4702	0.2976	0.0409
15	98.0138	0.0017	0.0096	0.0839	0.3761	0.4093	0.0998	0.0197
16	98.2233	8e-04	0.0022	0.03	0.2337	0	0.522	0.1562	0.0472	0.0079
17	98.7349	8e-04	0.0019	0.0146	0.1152	0.4294	0.2806	0.114	0.0362	0.0072
18	99.2174	5e-04	0.0013	0.0066	0.0433	0.2908	0	0.3312	0.218	0.0767	0.0267	0.005
19	99.5134	0.001	0.0012	0.0074	0.029	0.145	0.2323	0.2917	0.1843	0.0762	0.0263	0.0055
20	99.6911	0.001	0.0012	0.0048	0.0176	0.0704	0.1449	0	0.2809	0.2453	0.1596	0.0505	0.0192	0.0045
21	99.7886	0.0013	0.002	0.0054	0.0189	0.0569	0.1038	0.1384	0.2552	0.2215	0.1327	0.043	0.0166	0.0041
