Allele	DQA1_01_05__DQB1_06_14
Version	2.0.2
Type	Standard
n_specificities	1
npep_u	1
npep_t	5000
spec_ids	1
L_core	9
L_N	0
L_C	0
CS_perL	1
pepL_lower	12
pepL_upper	21
n_diff_aa	20

PWM_norm.1	P1	P2	P3	P4	P5	P6	P7	P8	P9
A	0.9151	1.2808	2.3983	4.4682	1.4023	1.107	0.8359	1.6276	3.245
C	0.2579	0.2343	0.2366	0.5834	0.1506	0.1649	0.1914	0.1686	0.6047
D	0.638	0.6718	0.9117	0.2396	0.749	5.5065	0.9335	0.5135	0.9959
E	1.2135	1.0529	0.6323	0.1333	1.1231	0.9549	0.8354	1.1878	0.3761
F	0.7081	0.4387	0.7371	0.4941	0.7228	0.2666	0.9002	0.611	0.3414
G	0.4559	0.7204	5.2043	0.5405	0.5184	0.2379	0.208	0.9182	2.1165
H	1.0266	2.3658	1.3449	0.4326	1.8197	0.1581	1.9632	0.9602	0.4205
I	2.0023	0.7795	0.2229	1.3272	0.8396	2.7155	1.073	1.0369	0.9014
K	0.2754	1.2785	0.218	0.1153	1.8474	0.1707	0.6307	0.7414	0.169
L	1.1634	0.4932	0.3651	0.3605	0.6342	1.4882	0.5509	0.6066	0.4433
M	0.9329	0.603	0.4594	0.5937	0.4569	1.1379	0.6403	0.5456	0.6781
N	2.2931	1.2535	0.5113	0.4948	0.8831	0.6769	0.7173	0.9226	0.9863
P	0.2866	0.1379	1.1924	0.088	0.3308	0.4028	2.892	2.1016	0.2522
Q	1.9564	1.3996	0.829	0.148	1.3316	0.3556	1.1683	0.9458	1.1416
R	0.272	1.5494	0.214	0.0736	1.0735	0.0908	0.7169	0.9297	0.1461
S	1.2779	1.0295	0.7973	2.054	1.2213	0.2699	0.8571	0.9815	2.0591
T	0.9117	1.8525	0.3949	2.0165	1.103	0.785	1.2487	1.2328	1.0795
V	1.7904	0.9763	0.1879	2.5943	1.6274	1.8732	1.7244	1.028	1.0548
W	0.4581	1.5384	0.1797	0.1877	0.4573	0.1133	1.0577	0.4807	0.1306
Y	0.5068	1.2034	0.8897	0.1692	0.656	0.206	0.8916	0.9989	0.2753

pepL	alpha	w_s
12	99.5307	0.083	0.1488	0	0.3949	0.3733
13	98.9574	0.0263	0.0764	0.2382	0.4675	0.1916
14	98.3293	0.0043	0.0259	0.161	0	0.4702	0.2976	0.0409
15	98.0138	0.0017	0.0096	0.0839	0.3761	0.4093	0.0998	0.0197
16	98.2233	8e-04	0.0022	0.03	0.2337	0	0.522	0.1562	0.0472	0.0079
17	98.7349	8e-04	0.0019	0.0146	0.1152	0.4294	0.2806	0.114	0.0362	0.0072
18	99.2174	5e-04	0.0013	0.0066	0.0433	0.2908	0	0.3312	0.218	0.0767	0.0267	0.005
19	99.5134	0.001	0.0012	0.0074	0.029	0.145	0.2323	0.2917	0.1843	0.0762	0.0263	0.0055
20	99.6911	0.001	0.0012	0.0048	0.0176	0.0704	0.1449	0	0.2809	0.2453	0.1596	0.0505	0.0192	0.0045
21	99.7886	0.0013	0.002	0.0054	0.0189	0.0569	0.1038	0.1384	0.2552	0.2215	0.1327	0.043	0.0166	0.0041
