Allele	DQA1_03_02__DQB1_03_55
Version	2.0.2
Type	Standard
n_specificities	1
npep_u	1
npep_t	5000
spec_ids	1
L_core	9
L_N	0
L_C	0
CS_perL	1
pepL_lower	12
pepL_upper	21
n_diff_aa	20

PWM_norm.1	P1	P2	P3	P4	P5	P6	P7	P8	P9
A	0.8036	1.8736	3.3352	4.6228	1.5639	3.6126	2.6939	1.6276	1.9698
C	0.1186	0.0913	0.2349	0.1125	0.0836	0.5835	0.2519	0.1686	0.4452
D	4.7743	0.8976	0.6073	0.1592	0.7052	0.1503	0.5261	0.5135	0.8317
E	2.1717	1.0371	0.4753	0.057	1.1932	0.2392	1.2602	1.1878	0.8857
F	1.1922	0.4697	0.6625	0.3479	0.442	0.1837	0.6355	0.611	0.2284
G	0.3684	1.41	3.3836	5.9617	0.5757	0.4639	0.7653	0.9182	2.0215
H	0.5184	1.9212	0.9894	0.1557	1.2166	0.0819	1.0764	0.9602	1.1077
I	1.164	0.584	0.3345	0.1298	0.9006	1.7616	0.8313	1.0369	1.3055
K	0.2112	1.1341	0.3066	0.1102	1.447	0.0867	0.463	0.7414	0.3172
L	0.4424	0.3779	0.2692	0.0526	0.8391	0.554	0.6072	0.6066	0.3777
M	0.4266	0.6284	0.3647	0.0775	0.458	0.2639	0.5018	0.5456	0.4023
N	0.2346	1.1163	0.7429	0.2984	0.756	0.1155	1.2259	0.9226	1.5743
P	1.5615	0.2133	0.8865	0.0891	0.4951	2.9745	0.7225	2.1016	0.5079
Q	0.4508	1.1638	0.6203	0.0527	1.104	0.0901	1.553	0.9458	0.8912
R	0.1978	1.123	0.8815	0.0981	1.1593	0.0543	1.0753	0.9297	0.2285
S	0.6288	1.2015	1.3555	1.9887	0.8994	0.8976	1.2269	0.9815	1.9598
T	0.4369	1.549	0.5191	0.4668	1.0444	1.282	0.7284	1.2328	1.0515
V	1.4238	0.7427	0.486	0.3582	2.2492	3.0449	1.0558	1.028	1.3876
W	1.7756	0.8016	0.34	0.1076	0.3015	0.0442	0.572	0.4807	0.1215
Y	1.3551	1.435	1.0008	0.0775	0.8248	0.127	0.7458	0.9989	0.3451

pepL	alpha	w_s
12	99.5307	0.083	0.1488	0	0.3949	0.3733
13	98.9574	0.0263	0.0764	0.2382	0.4675	0.1916
14	98.3293	0.0043	0.0259	0.161	0	0.4702	0.2976	0.0409
15	98.0138	0.0017	0.0096	0.0839	0.3761	0.4093	0.0998	0.0197
16	98.2233	8e-04	0.0022	0.03	0.2337	0	0.522	0.1562	0.0472	0.0079
17	98.7349	8e-04	0.0019	0.0146	0.1152	0.4294	0.2806	0.114	0.0362	0.0072
18	99.2174	5e-04	0.0013	0.0066	0.0433	0.2908	0	0.3312	0.218	0.0767	0.0267	0.005
19	99.5134	0.001	0.0012	0.0074	0.029	0.145	0.2323	0.2917	0.1843	0.0762	0.0263	0.0055
20	99.6911	0.001	0.0012	0.0048	0.0176	0.0704	0.1449	0	0.2809	0.2453	0.1596	0.0505	0.0192	0.0045
21	99.7886	0.0013	0.002	0.0054	0.0189	0.0569	0.1038	0.1384	0.2552	0.2215	0.1327	0.043	0.0166	0.0041
