Allele	DQA1_01_11__DQB1_06_33
Version	2.0.2
Type	Standard
n_specificities	1
npep_u	1
npep_t	5000
spec_ids	1
L_core	9
L_N	0
L_C	0
CS_perL	1
pepL_lower	12
pepL_upper	21
n_diff_aa	20

PWM_norm.1	P1	P2	P3	P4	P5	P6	P7	P8	P9
A	1.0211	1.2808	2.3983	4.5922	1.7384	2.8111	1.8945	1.6276	3.6585
C	0.1618	0.2343	0.2366	0.444	0.1471	0.274	0.1391	0.1686	0.3659
D	0.446	0.6718	0.9117	0.277	0.7604	0.4868	0.4068	0.5135	0.6187
E	0.8128	1.0529	0.6323	0.1737	1.0052	0.2587	0.9829	1.1878	0.3717
F	0.5217	0.4387	0.7371	0.4068	0.4342	0.1703	0.805	0.611	0.2917
G	0.3839	0.7204	5.2043	0.6237	0.5007	0.4054	0.2906	0.9182	2.9973
H	0.7887	2.3658	1.3449	0.4285	1.3843	0.0767	2.201	0.9602	0.4669
I	1.956	0.7795	0.2229	1.2434	1.0393	3.099	0.608	1.0369	0.4769
K	0.1697	1.2785	0.218	0.1356	1.9059	0.0886	0.8367	0.7414	0.1474
L	1.3363	0.4932	0.3651	0.3464	0.7114	1.5038	0.822	0.6066	0.1896
M	0.8376	0.603	0.4594	0.5947	0.6241	1.0887	0.477	0.5456	0.4902
N	3.7299	1.2535	0.5113	0.5718	1.1237	0.2885	0.8716	0.9226	0.5577
P	0.1534	0.1379	1.1924	0.0861	0.4598	1.1949	0.3741	2.1016	0.2956
Q	1.7538	1.3996	0.829	0.1539	1.3707	0.1854	2.8583	0.9458	1.8122
R	0.124	1.5494	0.214	0.0741	1.0923	0.0563	2.4555	0.9297	0.1348
S	1.6821	1.0295	0.7973	2.1594	0.8186	0.4279	0.56	0.9815	2.2984
T	1.0271	1.8525	0.3949	1.8594	1.2214	1.1057	0.4342	1.2328	0.776
V	1.5452	0.9763	0.1879	2.4239	1.4904	3.5531	0.9253	1.028	0.5167
W	0.271	1.5384	0.1797	0.1529	0.3304	0.0411	0.7137	0.4807	0.0887
Y	0.3196	1.2034	0.8897	0.1218	0.7137	0.1072	1.4878	0.9989	0.178

pepL	alpha	w_s
12	99.5307	0.083	0.1488	0	0.3949	0.3733
13	98.9574	0.0263	0.0764	0.2382	0.4675	0.1916
14	98.3293	0.0043	0.0259	0.161	0	0.4702	0.2976	0.0409
15	98.0138	0.0017	0.0096	0.0839	0.3761	0.4093	0.0998	0.0197
16	98.2233	8e-04	0.0022	0.03	0.2337	0	0.522	0.1562	0.0472	0.0079
17	98.7349	8e-04	0.0019	0.0146	0.1152	0.4294	0.2806	0.114	0.0362	0.0072
18	99.2174	5e-04	0.0013	0.0066	0.0433	0.2908	0	0.3312	0.218	0.0767	0.0267	0.005
19	99.5134	0.001	0.0012	0.0074	0.029	0.145	0.2323	0.2917	0.1843	0.0762	0.0263	0.0055
20	99.6911	0.001	0.0012	0.0048	0.0176	0.0704	0.1449	0	0.2809	0.2453	0.1596	0.0505	0.0192	0.0045
21	99.7886	0.0013	0.002	0.0054	0.0189	0.0569	0.1038	0.1384	0.2552	0.2215	0.1327	0.043	0.0166	0.0041
