Allele	DQA1_01_02__DQB1_03_254
Version	2.0.2
Type	Standard
n_specificities	1
npep_u	1
npep_t	5000
spec_ids	1
L_core	9
L_N	0
L_C	0
CS_perL	1
pepL_lower	12
pepL_upper	21
n_diff_aa	20

PWM_norm.1	P1	P2	P3	P4	P5	P6	P7	P8	P9
A	1.1047	1.2808	3.0314	4.8481	1.6801	1.9447	2.5801	1.631	2.1375
C	0.454	0.2343	0.1963	0.1511	0.1428	0.381	0.2159	0.1451	0.5366
D	0.5477	0.6718	0.5272	0.1467	0.8758	2.1461	0.5416	0.5176	0.6628
E	0.7144	1.0529	0.4387	0.0557	1.3435	0.3879	1.1495	1.27	0.6048
F	1.6532	0.4387	0.4785	0.3664	0.3701	0.1953	0.7223	0.5198	0.4035
G	0.3908	0.7204	5.5867	3.9307	0.4485	0.4592	0.8229	0.9557	2.0223
H	1.0006	2.3658	1.2082	0.2331	1.4203	0.1789	1.1375	1.1177	1.0871
I	2.4569	0.7795	0.1476	0.3358	0.8979	2.6775	1.0385	1.021	1.1341
K	0.3955	1.2785	0.1856	0.1119	1.6967	0.2489	0.4474	0.7334	0.3438
L	1.113	0.4932	0.2301	0.0722	0.7241	1.2453	0.5986	0.5484	0.4548
M	1.505	0.603	0.2797	0.1227	0.4202	0.744	0.5583	0.3841	0.523
N	1.3913	1.2535	0.5156	0.3312	0.9712	0.5398	1.1472	0.8657	1.5612
P	0.8511	0.1379	1.2382	0.0717	0.2017	1.3267	0.7223	2.096	0.5947
Q	1.0253	1.3996	0.6696	0.0554	1.472	0.2033	1.4813	1.052	1.0118
R	0.3005	1.5494	0.3267	0.1116	1.0673	0.1691	1.1359	0.8901	0.2872
S	0.7724	1.0295	0.9365	2.4515	0.8794	0.678	1.1161	0.8926	1.8156
T	0.8569	1.8525	0.2962	0.8658	1.2253	1.3391	0.7628	1.2702	1.1148
V	1.762	0.9763	0.1258	1.0212	1.7329	2.6139	1.179	1.1615	1.2628
W	1.8876	1.5384	0.1279	0.1221	0.306	0.0829	0.5734	0.3947	0.3415
Y	1.6424	1.2034	0.7359	0.0877	0.6788	0.1424	0.8174	0.9719	0.5029

pepL	alpha	w_s
12	99.5307	0.083	0.1488	0	0.3949	0.3733
13	98.9574	0.0263	0.0764	0.2382	0.4675	0.1916
14	98.3293	0.0043	0.0259	0.161	0	0.4702	0.2976	0.0409
15	98.0138	0.0017	0.0096	0.0839	0.3761	0.4093	0.0998	0.0197
16	98.2233	8e-04	0.0022	0.03	0.2337	0	0.522	0.1562	0.0472	0.0079
17	98.7349	8e-04	0.0019	0.0146	0.1152	0.4294	0.2806	0.114	0.0362	0.0072
18	99.2174	5e-04	0.0013	0.0066	0.0433	0.2908	0	0.3312	0.218	0.0767	0.0267	0.005
19	99.5134	0.001	0.0012	0.0074	0.029	0.145	0.2323	0.2917	0.1843	0.0762	0.0263	0.0055
20	99.6911	0.001	0.0012	0.0048	0.0176	0.0704	0.1449	0	0.2809	0.2453	0.1596	0.0505	0.0192	0.0045
21	99.7886	0.0013	0.002	0.0054	0.0189	0.0569	0.1038	0.1384	0.2552	0.2215	0.1327	0.043	0.0166	0.0041
