Allele	DQA1_01_05__DQB1_04_01
Version	2.0.2
Type	Standard
n_specificities	1
npep_u	1
npep_t	5000
spec_ids	1
L_core	9
L_N	0
L_C	0
CS_perL	1
pepL_lower	12
pepL_upper	21
n_diff_aa	20

PWM_norm.1	P1	P2	P3	P4	P5	P6	P7	P8	P9
A	0.8572	1.2808	1.2887	1.5021	0.9598	1.7853	1.3929	1.6276	2.4826
C	0.5606	0.2343	0.1985	0.5152	0.3546	0.2245	0.5101	0.1686	0.8905
D	1.2002	0.6718	2.0118	0.5107	1.1071	0.5692	0.6721	0.5135	0.6285
E	1.1507	1.0529	0.5569	0.4783	1.0994	0.3776	1.3956	1.1878	0.4396
F	1.4948	0.4387	0.9941	2.3877	0.6897	0.4197	0.7833	0.611	0.4672
G	0.5307	0.7204	2.5273	0.6002	0.6396	0.301	0.6461	0.9182	2.2988
H	1.2773	2.3658	4.5162	1.1693	1.3558	0.1906	2.1934	0.9602	0.7563
I	1.8173	0.7795	0.4452	2.3944	1.1277	3.3083	0.8556	1.0369	1.0104
K	0.4469	1.2785	0.5176	0.4357	1.5329	0.225	0.9693	0.7414	0.3673
L	0.8211	0.4932	0.3841	0.8592	0.8976	2.0059	0.989	0.6066	0.4047
M	1.1703	0.603	0.4607	2.0856	0.8482	2.025	0.8473	0.5456	0.7806
N	1.1499	1.2535	0.6609	0.6295	1.174	0.44	1.6239	0.9226	1.0265
P	0.9122	0.1379	0.6193	0.1654	0.7247	0.793	0.4083	2.1016	0.5164
Q	1.217	1.3996	2.0561	0.6018	1.3528	0.3941	1.7994	0.9458	1.1429
R	0.6365	1.5494	0.2354	0.2924	1.0024	0.1341	1.1717	0.9297	0.2695
S	0.7469	1.0295	0.9643	0.7018	0.7176	0.3505	0.7043	0.9815	1.9561
T	0.793	1.8525	0.4727	1.2562	1.2401	1.1068	0.5633	1.2328	1.039
V	1.5166	0.9763	0.2442	2.0447	1.2388	3.1197	0.9249	1.028	1.0183
W	1.9171	1.5384	0.3125	2.5551	0.416	0.1341	1.036	0.4807	0.3267
Y	1.5953	1.2034	2.117	1.9904	1.1697	0.2855	1.1051	0.9989	0.4892

pepL	alpha	w_s
12	99.5307	0.083	0.1488	0	0.3949	0.3733
13	98.9574	0.0263	0.0764	0.2382	0.4675	0.1916
14	98.3293	0.0043	0.0259	0.161	0	0.4702	0.2976	0.0409
15	98.0138	0.0017	0.0096	0.0839	0.3761	0.4093	0.0998	0.0197
16	98.2233	8e-04	0.0022	0.03	0.2337	0	0.522	0.1562	0.0472	0.0079
17	98.7349	8e-04	0.0019	0.0146	0.1152	0.4294	0.2806	0.114	0.0362	0.0072
18	99.2174	5e-04	0.0013	0.0066	0.0433	0.2908	0	0.3312	0.218	0.0767	0.0267	0.005
19	99.5134	0.001	0.0012	0.0074	0.029	0.145	0.2323	0.2917	0.1843	0.0762	0.0263	0.0055
20	99.6911	0.001	0.0012	0.0048	0.0176	0.0704	0.1449	0	0.2809	0.2453	0.1596	0.0505	0.0192	0.0045
21	99.7886	0.0013	0.002	0.0054	0.0189	0.0569	0.1038	0.1384	0.2552	0.2215	0.1327	0.043	0.0166	0.0041
