Allele	DQA1_06_01__DQB1_04_01
Version	2.0.2
Type	Standard
n_specificities	1
npep_u	1
npep_t	5000
spec_ids	1
L_core	9
L_N	0
L_C	0
CS_perL	1
pepL_lower	12
pepL_upper	21
n_diff_aa	20

PWM_norm.1	P1	P2	P3	P4	P5	P6	P7	P8	P9
A	1.2035	1.8736	0.6594	1.4223	1.146	2.3977	1.3929	1.6276	2.3494
C	0.1361	0.0913	0.1112	0.8547	0.1854	0.5151	0.5101	0.1686	1.1129
D	0.1053	0.8976	1.6761	0.7898	0.8154	0.2288	0.6721	0.5135	0.6551
E	0.3403	1.0371	0.4064	0.7449	1.0779	0.3999	1.3956	1.1878	0.4402
F	2.3197	0.4697	0.5199	2.0039	0.8289	0.8411	0.7833	0.611	0.4591
G	0.1328	1.41	0.4547	0.7937	0.7277	0.4925	0.6461	0.9182	2.0138
H	0.2604	1.9212	0.5071	1.3725	1.1403	0.3524	2.1934	0.9602	0.6978
I	3.1559	0.584	0.4397	1.571	1.1106	2.199	0.8556	1.0369	1.1628
K	0.1156	1.1341	0.3214	0.6475	1.3352	0.2801	0.9693	0.7414	0.3529
L	0.8401	0.3779	0.1249	0.8181	0.9373	1.0203	0.989	0.6066	0.4748
M	1.2613	0.6284	0.2716	1.635	0.7854	1.1505	0.8473	0.5456	0.7825
N	0.0671	1.1163	0.3462	0.9557	0.8361	0.4077	1.6239	0.9226	1.1956
P	2.7255	0.2133	0.1716	0.3184	1.0615	1.6663	0.4083	2.1016	0.5544
Q	0.249	1.1638	0.7343	0.867	1.1579	0.3537	1.7994	0.9458	0.7924
R	0.088	1.123	0.1431	0.4452	1.0278	0.1522	1.1717	0.9297	0.2574
S	0.2166	1.2015	3.5995	0.776	0.7747	0.8239	0.7043	0.9815	1.9056
T	0.5383	1.549	5.8839	1.1188	1.2217	1.2309	0.5633	1.2328	1.2008
V	2.7571	0.7427	0.3389	1.3783	1.3991	2.891	0.9249	1.028	1.2681
W	3.7871	0.8016	0.4324	2.3923	0.3342	0.2924	1.036	0.4807	0.3351
Y	3.1007	1.435	0.358	1.961	1.065	0.5797	1.1051	0.9989	0.4902

pepL	alpha	w_s
12	99.5307	0.083	0.1488	0	0.3949	0.3733
13	98.9574	0.0263	0.0764	0.2382	0.4675	0.1916
14	98.3293	0.0043	0.0259	0.161	0	0.4702	0.2976	0.0409
15	98.0138	0.0017	0.0096	0.0839	0.3761	0.4093	0.0998	0.0197
16	98.2233	8e-04	0.0022	0.03	0.2337	0	0.522	0.1562	0.0472	0.0079
17	98.7349	8e-04	0.0019	0.0146	0.1152	0.4294	0.2806	0.114	0.0362	0.0072
18	99.2174	5e-04	0.0013	0.0066	0.0433	0.2908	0	0.3312	0.218	0.0767	0.0267	0.005
19	99.5134	0.001	0.0012	0.0074	0.029	0.145	0.2323	0.2917	0.1843	0.0762	0.0263	0.0055
20	99.6911	0.001	0.0012	0.0048	0.0176	0.0704	0.1449	0	0.2809	0.2453	0.1596	0.0505	0.0192	0.0045
21	99.7886	0.0013	0.002	0.0054	0.0189	0.0569	0.1038	0.1384	0.2552	0.2215	0.1327	0.043	0.0166	0.0041
