Allele	DQA1_05_11__DQB1_04_02
Version	2.0.2
Type	Standard
n_specificities	1
npep_u	1
npep_t	5000
spec_ids	1
L_core	9
L_N	0
L_C	0
CS_perL	1
pepL_lower	12
pepL_upper	21
n_diff_aa	20

PWM_norm.1	P1	P2	P3	P4	P5	P6	P7	P8	P9
A	1.2035	1.8736	1.5017	1.7052	1.146	2.8318	1.3929	1.7612	2.5273
C	0.1361	0.0913	0.2484	0.7107	0.1854	0.5307	0.5101	0.0694	1.5604
D	0.1053	0.8976	1.6914	0.7704	0.8154	0.1451	0.6721	0.6452	0.7047
E	0.3403	1.0371	0.6405	0.6651	1.0779	0.315	1.3956	0.888	0.276
F	2.3197	0.4697	1.4766	2.3013	0.8289	0.7414	0.7833	0.9039	0.3849
G	0.1328	1.41	1.6228	0.9509	0.7277	0.4639	0.6461	1.1284	2.0076
H	0.2604	1.9212	1.6401	1.0837	1.1403	0.2149	2.1934	0.5113	0.4071
I	3.1559	0.584	0.7796	1.5699	1.1106	2.2952	0.8556	1.0945	1.3687
K	0.1156	1.1341	0.5505	0.5811	1.3352	0.1695	0.9693	0.8714	0.1823
L	0.8401	0.3779	0.4215	0.8093	0.9373	1.0018	0.989	0.7847	0.4801
M	1.2613	0.6284	0.8238	1.7359	0.7854	0.9881	0.8473	0.4269	0.681
N	0.0671	1.1163	0.7991	0.8767	0.8361	0.213	1.6239	0.8229	1.1801
P	2.7255	0.2133	0.5795	0.3044	1.0615	1.9462	0.4083	2.0433	0.4673
Q	0.249	1.1638	1.2397	0.7799	1.1579	0.2231	1.7994	0.7109	0.593
R	0.088	1.123	0.4402	0.3791	1.0278	0.0955	1.1717	1.0764	0.1434
S	0.2166	1.2015	1.4266	0.7995	0.7747	0.7026	0.7043	0.9678	1.8221
T	0.5383	1.549	1.0998	0.9867	1.2217	1.1969	0.5633	1.0968	1.4982
V	2.7571	0.7427	0.8326	1.3103	1.3991	3.0724	0.9249	0.8461	1.536
W	3.7871	0.8016	0.7602	2.2942	0.3342	0.1924	1.036	0.3915	0.2666
Y	3.1007	1.435	1.8421	2.0209	1.065	0.4817	1.1051	1.0598	0.4184

pepL	alpha	w_s
12	99.5307	0.083	0.1488	0	0.3949	0.3733
13	98.9574	0.0263	0.0764	0.2382	0.4675	0.1916
14	98.3293	0.0043	0.0259	0.161	0	0.4702	0.2976	0.0409
15	98.0138	0.0017	0.0096	0.0839	0.3761	0.4093	0.0998	0.0197
16	98.2233	8e-04	0.0022	0.03	0.2337	0	0.522	0.1562	0.0472	0.0079
17	98.7349	8e-04	0.0019	0.0146	0.1152	0.4294	0.2806	0.114	0.0362	0.0072
18	99.2174	5e-04	0.0013	0.0066	0.0433	0.2908	0	0.3312	0.218	0.0767	0.0267	0.005
19	99.5134	0.001	0.0012	0.0074	0.029	0.145	0.2323	0.2917	0.1843	0.0762	0.0263	0.0055
20	99.6911	0.001	0.0012	0.0048	0.0176	0.0704	0.1449	0	0.2809	0.2453	0.1596	0.0505	0.0192	0.0045
21	99.7886	0.0013	0.002	0.0054	0.0189	0.0569	0.1038	0.1384	0.2552	0.2215	0.1327	0.043	0.0166	0.0041
