Allele	DQA1_06_01__DQB1_03_254
Version	2.0.2
Type	Standard
n_specificities	1
npep_u	1
npep_t	5000
spec_ids	1
L_core	9
L_N	0
L_C	0
CS_perL	1
pepL_lower	12
pepL_upper	21
n_diff_aa	20

PWM_norm.1	P1	P2	P3	P4	P5	P6	P7	P8	P9
A	1.2035	1.8736	1.7758	4.4102	1.5639	3.1502	2.5801	1.631	2.0691
C	0.1361	0.0913	0.2077	0.1682	0.0836	0.6286	0.2159	0.1451	0.6895
D	0.1053	0.8976	0.7195	0.2198	0.7052	0.2987	0.5416	0.5176	0.717
E	0.3403	1.0371	0.4941	0.091	1.1932	0.3436	1.1495	1.27	0.6277
F	2.3197	0.4697	0.3258	0.4962	0.442	0.2316	0.7223	0.5198	0.3647
G	0.1328	1.41	1.2087	5.2059	0.5757	0.5268	0.8229	0.9557	1.9219
H	0.2604	1.9212	0.5502	0.2819	1.2166	0.1368	1.1375	1.1177	0.9301
I	3.1559	0.584	0.4336	0.2154	0.9006	1.6978	1.0385	1.021	1.2715
K	0.1156	1.1341	0.3498	0.1487	1.447	0.1612	0.4474	0.7334	0.3275
L	0.8401	0.3779	0.1522	0.0806	0.8391	0.566	0.5986	0.5484	0.4782
M	1.2613	0.6284	0.2013	0.1068	0.458	0.3339	0.5583	0.3841	0.4951
N	0.0671	1.1163	0.5479	0.3691	0.756	0.2141	1.1472	0.8657	1.6263
P	2.7255	0.2133	0.4318	0.0962	0.4951	2.6333	0.7223	2.096	0.6589
Q	0.249	1.1638	0.4002	0.0793	1.104	0.1423	1.4813	1.052	0.6812
R	0.088	1.123	0.4274	0.1426	1.1593	0.0874	1.1359	0.8901	0.2655
S	0.2166	1.2015	3.0505	2.0207	0.8994	1.0864	1.1161	0.8926	1.7596
T	0.5383	1.549	4.6404	0.7416	1.0444	1.3663	0.7628	1.2702	1.2304
V	2.7571	0.7427	0.3793	0.5773	2.2492	2.9912	1.179	1.1615	1.4749
W	3.7871	0.8016	0.6042	0.1641	0.3015	0.0702	0.5734	0.3947	0.3142
Y	3.1007	1.435	0.365	0.1233	0.8248	0.1654	0.8174	0.9719	0.4671

pepL	alpha	w_s
12	99.5307	0.083	0.1488	0	0.3949	0.3733
13	98.9574	0.0263	0.0764	0.2382	0.4675	0.1916
14	98.3293	0.0043	0.0259	0.161	0	0.4702	0.2976	0.0409
15	98.0138	0.0017	0.0096	0.0839	0.3761	0.4093	0.0998	0.0197
16	98.2233	8e-04	0.0022	0.03	0.2337	0	0.522	0.1562	0.0472	0.0079
17	98.7349	8e-04	0.0019	0.0146	0.1152	0.4294	0.2806	0.114	0.0362	0.0072
18	99.2174	5e-04	0.0013	0.0066	0.0433	0.2908	0	0.3312	0.218	0.0767	0.0267	0.005
19	99.5134	0.001	0.0012	0.0074	0.029	0.145	0.2323	0.2917	0.1843	0.0762	0.0263	0.0055
20	99.6911	0.001	0.0012	0.0048	0.0176	0.0704	0.1449	0	0.2809	0.2453	0.1596	0.0505	0.0192	0.0045
21	99.7886	0.0013	0.002	0.0054	0.0189	0.0569	0.1038	0.1384	0.2552	0.2215	0.1327	0.043	0.0166	0.0041
