Allele	DQA1_05_05__DQB1_06_218
Version	2.0.2
Type	Standard
n_specificities	1
npep_u	1
npep_t	5000
spec_ids	1
L_core	9
L_N	0
L_C	0
CS_perL	1
pepL_lower	12
pepL_upper	21
n_diff_aa	20

PWM_norm.1	P1	P2	P3	P4	P5	P6	P7	P8	P9
A	1.2882	1.8736	2.2745	4.4344	1.3808	2.6526	0.8359	1.7612	2.9093
C	0.3532	0.0913	0.2321	0.6502	0.098	0.3156	0.1914	0.0694	0.834
D	0.386	0.8976	1.1274	0.4576	0.6165	2.5889	0.9335	0.6452	1.2236
E	0.7315	1.0371	0.8603	0.2786	1.0123	1.2537	0.8354	0.888	0.3841
F	1.5939	0.4697	1.0978	0.7748	0.7983	0.2368	0.9002	0.9039	0.2121
G	0.3902	1.41	2.4014	1.0989	0.6907	0.5116	0.208	1.1284	1.9517
H	0.7046	1.9212	0.7825	0.5021	1.5916	0.112	1.9632	0.5113	0.4081
I	2.6568	0.584	0.7175	0.9081	0.8637	1.4201	1.073	1.0945	0.9924
K	0.2449	1.1341	0.3888	0.1849	1.5865	0.1104	0.6307	0.8714	0.1222
L	1.0248	0.3779	0.4914	0.4234	0.7276	0.6119	0.5509	0.7847	0.3779
M	1.431	0.6284	0.7043	0.6528	0.5012	0.3518	0.6403	0.4269	0.3992
N	0.6183	1.1163	0.7587	0.7928	0.6754	0.3139	0.7173	0.8229	1.5304
P	1.1531	0.2133	0.8772	0.1847	0.807	2.1321	2.892	2.0433	0.2811
Q	0.8462	1.1638	0.6829	0.2322	1.1103	0.2197	1.1683	0.7109	0.6343
R	0.1741	1.123	0.5608	0.113	1.1747	0.0638	0.7169	1.0764	0.1046
S	0.6919	1.2015	1.0794	2.086	1.0483	0.8449	0.8571	0.9678	2.1394
T	0.944	1.549	0.7672	1.5854	0.9906	1.0479	1.2487	1.0968	1.5074
V	2.2639	0.7427	1.1722	1.4783	1.8785	1.9749	1.7244	0.8461	1.2327
W	2.2282	0.8016	0.6778	0.267	0.3915	0.0936	1.0577	0.3915	0.1298
Y	1.9601	1.435	1.1254	0.2579	0.7131	0.1976	0.8916	1.0598	0.2045

pepL	alpha	w_s
12	99.5307	0.083	0.1488	0	0.3949	0.3733
13	98.9574	0.0263	0.0764	0.2382	0.4675	0.1916
14	98.3293	0.0043	0.0259	0.161	0	0.4702	0.2976	0.0409
15	98.0138	0.0017	0.0096	0.0839	0.3761	0.4093	0.0998	0.0197
16	98.2233	8e-04	0.0022	0.03	0.2337	0	0.522	0.1562	0.0472	0.0079
17	98.7349	8e-04	0.0019	0.0146	0.1152	0.4294	0.2806	0.114	0.0362	0.0072
18	99.2174	5e-04	0.0013	0.0066	0.0433	0.2908	0	0.3312	0.218	0.0767	0.0267	0.005
19	99.5134	0.001	0.0012	0.0074	0.029	0.145	0.2323	0.2917	0.1843	0.0762	0.0263	0.0055
20	99.6911	0.001	0.0012	0.0048	0.0176	0.0704	0.1449	0	0.2809	0.2453	0.1596	0.0505	0.0192	0.0045
21	99.7886	0.0013	0.002	0.0054	0.0189	0.0569	0.1038	0.1384	0.2552	0.2215	0.1327	0.043	0.0166	0.0041
