Allele	DQA1_01_07Q__DQB1_06_107
Version	2.0.2
Type	Standard
n_specificities	1
npep_u	1
npep_t	5000
spec_ids	1
L_core	9
L_N	0
L_C	0
CS_perL	1
pepL_lower	12
pepL_upper	21
n_diff_aa	20

PWM_norm.1	P1	P2	P3	P4	P5	P6	P7	P8	P9
A	0.9151	1.2808	1.9089	3.5887	1.5467	1.8918	2.1165	1.6276	3.8706
C	0.2579	0.2343	0.2684	0.7981	0.1682	0.2147	0.1394	0.1686	0.3228
D	0.638	0.6718	1.4663	0.3799	0.8611	0.4595	0.4112	0.5135	0.5184
E	1.2135	1.0529	0.5984	0.2636	1.0077	0.2989	1.0564	1.1878	0.337
F	0.7081	0.4387	1.1103	0.9156	0.5233	0.2916	0.694	0.611	0.2704
G	0.4559	0.7204	3.684	0.5319	0.5576	0.2701	0.3535	0.9182	3.1124
H	1.0266	2.3658	2.2388	0.4264	1.3892	0.1391	2.2259	0.9602	0.4252
I	2.0023	0.7795	0.3315	1.9564	0.9941	3.4743	0.5599	1.0369	0.4085
K	0.2754	1.2785	0.3318	0.174	1.8043	0.1535	0.7548	0.7414	0.1352
L	1.1634	0.4932	0.3959	0.6536	0.7717	2.0166	0.7385	0.6066	0.1705
M	0.9329	0.603	0.6043	1.4464	0.6809	1.8751	0.4572	0.5456	0.4619
N	2.2931	1.2535	0.5901	0.5197	1.226	0.3547	0.7818	0.9226	0.4631
P	0.2866	0.1379	0.8279	0.1063	0.4602	0.8999	0.3021	2.1016	0.2742
Q	1.9564	1.3996	1.4402	0.3026	1.3663	0.2953	2.8492	0.9458	1.7304
R	0.272	1.5494	0.2405	0.1198	1.121	0.0964	2.5824	0.9297	0.1195
S	1.2779	1.0295	1.0046	1.3288	0.8646	0.3261	0.6089	0.9815	2.4081
T	0.9117	1.8525	0.5298	1.8276	1.2473	1.1131	0.3982	1.2328	0.7458
V	1.7904	0.9763	0.2383	2.5065	1.3272	3.4347	0.8446	1.028	0.46
W	0.4581	1.5384	0.2595	0.5234	0.2952	0.078	0.6188	0.4807	0.0835
Y	0.5068	1.2034	1.4527	0.4735	0.7631	0.189	1.4369	0.9989	0.1603

pepL	alpha	w_s
12	99.5307	0.083	0.1488	0	0.3949	0.3733
13	98.9574	0.0263	0.0764	0.2382	0.4675	0.1916
14	98.3293	0.0043	0.0259	0.161	0	0.4702	0.2976	0.0409
15	98.0138	0.0017	0.0096	0.0839	0.3761	0.4093	0.0998	0.0197
16	98.2233	8e-04	0.0022	0.03	0.2337	0	0.522	0.1562	0.0472	0.0079
17	98.7349	8e-04	0.0019	0.0146	0.1152	0.4294	0.2806	0.114	0.0362	0.0072
18	99.2174	5e-04	0.0013	0.0066	0.0433	0.2908	0	0.3312	0.218	0.0767	0.0267	0.005
19	99.5134	0.001	0.0012	0.0074	0.029	0.145	0.2323	0.2917	0.1843	0.0762	0.0263	0.0055
20	99.6911	0.001	0.0012	0.0048	0.0176	0.0704	0.1449	0	0.2809	0.2453	0.1596	0.0505	0.0192	0.0045
21	99.7886	0.0013	0.002	0.0054	0.0189	0.0569	0.1038	0.1384	0.2552	0.2215	0.1327	0.043	0.0166	0.0041
