Allele	DQA1_06_01__DQB1_06_99
Version	2.0.2
Type	Standard
n_specificities	1
npep_u	1
npep_t	5000
spec_ids	1
L_core	9
L_N	0
L_C	0
CS_perL	1
pepL_lower	12
pepL_upper	21
n_diff_aa	20

PWM_norm.1	P1	P2	P3	P4	P5	P6	P7	P8	P9
A	1.2882	1.8736	1.7758	4.4102	1.5639	3.2186	1.8724	1.6276	3.6846
C	0.3532	0.0913	0.2077	0.1682	0.0836	0.6182	0.4452	0.1686	0.3392
D	0.386	0.8976	0.7195	0.2198	0.7052	0.1621	0.7058	0.5135	0.5894
E	0.7315	1.0371	0.4941	0.091	1.1932	0.2765	1.3779	1.1878	0.4411
F	1.5939	0.4697	0.3258	0.4962	0.442	0.3223	0.6237	0.611	0.1886
G	0.3902	1.41	1.2087	5.2059	0.5757	0.4718	0.7399	0.9182	2.7717
H	0.7046	1.9212	0.5502	0.2819	1.2166	0.1633	1.6443	0.9602	0.489
I	2.6568	0.584	0.4336	0.2154	0.9006	1.8314	0.9281	1.0369	0.4554
K	0.2449	1.1341	0.3498	0.1487	1.447	0.1609	0.5687	0.7414	0.1542
L	1.0248	0.3779	0.1522	0.0806	0.8391	0.589	0.6636	0.6066	0.1819
M	1.431	0.6284	0.2013	0.1068	0.458	0.3766	0.6553	0.5456	0.4067
N	0.6183	1.1163	0.5479	0.3691	0.756	0.1905	1.7279	0.9226	0.6366
P	1.1531	0.2133	0.4318	0.0962	0.4951	2.5551	0.5807	2.1016	0.3109
Q	0.8462	1.1638	0.4002	0.0793	1.104	0.1332	1.5986	0.9458	1.3457
R	0.1741	1.123	0.4274	0.1426	1.1593	0.0896	1.1331	0.9297	0.1271
S	0.6919	1.2015	3.0505	2.0207	0.8994	0.9308	1.07	0.9815	2.6628
T	0.944	1.549	4.6404	0.7416	1.0444	1.418	0.74	1.2328	0.8642
V	2.2639	0.7427	0.3793	0.5773	2.2492	3.2033	1.0446	1.028	0.5347
W	2.2282	0.8016	0.6042	0.1641	0.3015	0.0779	0.7501	0.4807	0.0821
Y	1.9601	1.435	0.365	0.1233	0.8248	0.2086	0.7539	0.9989	0.1276

pepL	alpha	w_s
12	99.5307	0.083	0.1488	0	0.3949	0.3733
13	98.9574	0.0263	0.0764	0.2382	0.4675	0.1916
14	98.3293	0.0043	0.0259	0.161	0	0.4702	0.2976	0.0409
15	98.0138	0.0017	0.0096	0.0839	0.3761	0.4093	0.0998	0.0197
16	98.2233	8e-04	0.0022	0.03	0.2337	0	0.522	0.1562	0.0472	0.0079
17	98.7349	8e-04	0.0019	0.0146	0.1152	0.4294	0.2806	0.114	0.0362	0.0072
18	99.2174	5e-04	0.0013	0.0066	0.0433	0.2908	0	0.3312	0.218	0.0767	0.0267	0.005
19	99.5134	0.001	0.0012	0.0074	0.029	0.145	0.2323	0.2917	0.1843	0.0762	0.0263	0.0055
20	99.6911	0.001	0.0012	0.0048	0.0176	0.0704	0.1449	0	0.2809	0.2453	0.1596	0.0505	0.0192	0.0045
21	99.7886	0.0013	0.002	0.0054	0.0189	0.0569	0.1038	0.1384	0.2552	0.2215	0.1327	0.043	0.0166	0.0041
