Allele	DQA1_01_11__DQB1_03_211
Version	2.0.2
Type	Standard
n_specificities	1
npep_u	1
npep_t	5000
spec_ids	1
L_core	9
L_N	0
L_C	0
CS_perL	1
pepL_lower	12
pepL_upper	21
n_diff_aa	20

PWM_norm.1	P1	P2	P3	P4	P5	P6	P7	P8	P9
A	1.1047	1.2808	2.3983	2.1561	1.5359	1.6523	2.6526	1.1886	0.6719
C	0.454	0.2343	0.2366	0.412	0.2297	0.2177	0.3013	0.1008	0.1102
D	0.5477	0.6718	0.9117	0.2441	0.9254	4.4824	0.4563	0.8078	4.0087
E	0.7144	1.0529	0.6323	0.1494	1.3365	0.4155	1.02	1.5079	5.001
F	1.6532	0.4387	0.7371	0.3472	0.5295	0.1296	0.4194	0.6687	0.5283
G	0.3908	0.7204	5.2043	0.3563	0.4953	0.3894	0.8895	0.8334	0.8727
H	1.0006	2.3658	1.3449	0.1454	1.4259	0.1324	1.9327	1.0018	0.7878
I	2.4569	0.7795	0.2229	3.4018	0.8712	2.5113	0.7492	0.9071	0.7232
K	0.3955	1.2785	0.218	0.0711	1.5895	0.2113	0.3969	0.9592	0.2353
L	1.113	0.4932	0.3651	0.6223	0.6743	1.2124	0.7465	0.8933	0.3677
M	1.505	0.603	0.4594	0.6303	0.4667	0.6913	0.4918	0.6012	0.6895
N	1.3913	1.2535	0.5113	0.3849	0.8845	0.5643	2.2587	0.835	0.3833
P	0.8511	0.1379	1.1924	0.0845	0.2967	1.0508	0.2853	1.5301	0.2045
Q	1.0253	1.3996	0.829	0.1194	1.6929	0.2131	1.373	1.016	1.1269
R	0.3005	1.5494	0.214	0.059	0.9272	0.1197	0.6896	1.3699	0.2138
S	0.7724	1.0295	0.7973	1.168	0.9804	0.5329	1.6216	0.7793	0.4531
T	0.8569	1.8525	0.3949	2.3549	1.4506	1.0243	0.9393	0.9047	0.4211
V	1.762	0.9763	0.1879	4.8881	1.3864	2.2861	0.7055	0.9768	0.5303
W	1.8876	1.5384	0.1797	0.0978	0.4293	0.0626	0.5008	0.5195	0.3237
Y	1.6424	1.2034	0.8897	0.1127	0.7396	0.1075	0.4403	1.3504	0.5725

pepL	alpha	w_s
12	99.5307	0.083	0.1488	0	0.3949	0.3733
13	98.9574	0.0263	0.0764	0.2382	0.4675	0.1916
14	98.3293	0.0043	0.0259	0.161	0	0.4702	0.2976	0.0409
15	98.0138	0.0017	0.0096	0.0839	0.3761	0.4093	0.0998	0.0197
16	98.2233	8e-04	0.0022	0.03	0.2337	0	0.522	0.1562	0.0472	0.0079
17	98.7349	8e-04	0.0019	0.0146	0.1152	0.4294	0.2806	0.114	0.0362	0.0072
18	99.2174	5e-04	0.0013	0.0066	0.0433	0.2908	0	0.3312	0.218	0.0767	0.0267	0.005
19	99.5134	0.001	0.0012	0.0074	0.029	0.145	0.2323	0.2917	0.1843	0.0762	0.0263	0.0055
20	99.6911	0.001	0.0012	0.0048	0.0176	0.0704	0.1449	0	0.2809	0.2453	0.1596	0.0505	0.0192	0.0045
21	99.7886	0.0013	0.002	0.0054	0.0189	0.0569	0.1038	0.1384	0.2552	0.2215	0.1327	0.043	0.0166	0.0041
