Allele	DQA1_01_04__DQB1_06_08
Version	2.0.2
Type	Standard
n_specificities	1
npep_u	1
npep_t	5000
spec_ids	1
L_core	9
L_N	0
L_C	0
CS_perL	1
pepL_lower	12
pepL_upper	21
n_diff_aa	20

PWM_norm.1	P1	P2	P3	P4	P5	P6	P7	P8	P9
A	0.9151	1.2808	2.3983	4.4682	1.4023	0.4343	0.8359	0.9026	0.7311
C	0.2579	0.2343	0.2366	0.5834	0.1506	0.0756	0.1914	0.1401	0.243
D	0.638	0.6718	0.9117	0.2396	0.749	14.8086	0.9335	0.9226	2.6961
E	1.2135	1.0529	0.6323	0.1333	1.1231	0.4398	0.8354	1.5301	1.1259
F	0.7081	0.4387	0.7371	0.4941	0.7228	0.0605	0.9002	1.8747	1.558
G	0.4559	0.7204	5.2043	0.5405	0.5184	0.1418	0.208	0.3714	0.6521
H	1.0266	2.3658	1.3449	0.4326	1.8197	0.0694	1.9632	0.3636	0.7137
I	2.0023	0.7795	0.2229	1.3272	0.8396	1.0062	1.073	1.6124	3.2094
K	0.2754	1.2785	0.218	0.1153	1.8474	0.0899	0.6307	0.9709	0.1846
L	1.1634	0.4932	0.3651	0.3605	0.6342	0.4814	0.5509	0.8982	1.2952
M	0.9329	0.603	0.4594	0.5937	0.4569	0.2008	0.6403	1.6145	1.4624
N	2.2931	1.2535	0.5113	0.4948	0.8831	0.4097	0.7173	0.9003	0.7355
P	0.2866	0.1379	1.1924	0.088	0.3308	0.208	2.892	0.9818	0.1691
Q	1.9564	1.3996	0.829	0.148	1.3316	0.1111	1.1683	0.9665	1.3314
R	0.272	1.5494	0.214	0.0736	1.0735	0.0536	0.7169	0.8141	0.1599
S	1.2779	1.0295	0.7973	2.054	1.2213	0.1834	0.8571	0.5874	0.3995
T	0.9117	1.8525	0.3949	2.0165	1.103	0.3245	1.2487	0.8755	0.5408
V	1.7904	0.9763	0.1879	2.5943	1.6274	0.6062	1.7244	1.1399	1.6545
W	0.4581	1.5384	0.1797	0.1877	0.4573	0.0395	1.0577	0.6785	0.65
Y	0.5068	1.2034	0.8897	0.1692	0.656	0.0601	0.8916	2.636	1.0092

pepL	alpha	w_s
12	99.5307	0.083	0.1488	0	0.3949	0.3733
13	98.9574	0.0263	0.0764	0.2382	0.4675	0.1916
14	98.3293	0.0043	0.0259	0.161	0	0.4702	0.2976	0.0409
15	98.0138	0.0017	0.0096	0.0839	0.3761	0.4093	0.0998	0.0197
16	98.2233	8e-04	0.0022	0.03	0.2337	0	0.522	0.1562	0.0472	0.0079
17	98.7349	8e-04	0.0019	0.0146	0.1152	0.4294	0.2806	0.114	0.0362	0.0072
18	99.2174	5e-04	0.0013	0.0066	0.0433	0.2908	0	0.3312	0.218	0.0767	0.0267	0.005
19	99.5134	0.001	0.0012	0.0074	0.029	0.145	0.2323	0.2917	0.1843	0.0762	0.0263	0.0055
20	99.6911	0.001	0.0012	0.0048	0.0176	0.0704	0.1449	0	0.2809	0.2453	0.1596	0.0505	0.0192	0.0045
21	99.7886	0.0013	0.002	0.0054	0.0189	0.0569	0.1038	0.1384	0.2552	0.2215	0.1327	0.043	0.0166	0.0041
