Allele	DQA1_03_03__DQB1_03_100
Version	2.0.2
Type	Standard
n_specificities	1
npep_u	1
npep_t	5000
spec_ids	1
L_core	9
L_N	0
L_C	0
CS_perL	1
pepL_lower	12
pepL_upper	21
n_diff_aa	20

PWM_norm.1	P1	P2	P3	P4	P5	P6	P7	P8	P9
A	0.8036	1.8736	2.2745	3.0269	1.5962	3.3167	2.2375	1.6276	2.2601
C	0.1186	0.0913	0.2321	0.5662	0.1496	0.4769	0.2726	0.1686	0.7352
D	4.7743	0.8976	1.1274	0.5736	0.6693	0.0978	0.6497	0.5135	0.6229
E	2.1717	1.0371	0.8603	0.3605	1.0311	0.2229	1.8137	1.1878	0.5197
F	1.1922	0.4697	1.0978	1.4355	0.708	0.4242	0.8663	0.611	0.3934
G	0.3684	1.41	2.4014	1.8403	0.6982	0.4115	0.7485	0.9182	2.1128
H	0.5184	1.9212	0.7825	0.4401	1.2004	0.1248	1.1215	0.9602	0.737
I	1.164	0.584	0.7175	1.109	0.9196	2.2869	0.79	1.0369	1.418
K	0.2112	1.1341	0.3888	0.2137	1.2933	0.1001	0.5589	0.7414	0.2854
L	0.4424	0.3779	0.4914	0.4472	0.7761	0.8358	0.6925	0.6066	0.4892
M	0.4266	0.6284	0.7043	0.6834	0.5666	0.6707	0.4966	0.5456	0.6902
N	0.2346	1.1163	0.7587	0.8171	0.6219	0.1525	1.174	0.9226	1.1208
P	1.5615	0.2133	0.8772	0.3756	0.9535	2.2391	0.5005	2.1016	0.4642
Q	0.4508	1.1638	0.6829	0.2875	1.2473	0.1445	1.4573	0.9458	0.911
R	0.1978	1.123	0.5608	0.1651	1.0051	0.0543	0.895	0.9297	0.2239
S	0.6288	1.2015	1.0794	1.8669	0.9077	0.7031	1.1652	0.9815	1.9209
T	0.4369	1.549	0.7672	1.4213	1.2412	1.2003	0.6913	1.2328	1.1052
V	1.4238	0.7427	1.1722	1.5301	1.7326	3.371	0.9479	1.028	1.4277
W	1.7756	0.8016	0.6778	0.5584	0.4452	0.0809	0.6321	0.4807	0.1766
Y	1.3551	1.435	1.1254	0.5019	0.8321	0.2553	1.0777	0.9989	0.4655

pepL	alpha	w_s
12	99.5307	0.083	0.1488	0	0.3949	0.3733
13	98.9574	0.0263	0.0764	0.2382	0.4675	0.1916
14	98.3293	0.0043	0.0259	0.161	0	0.4702	0.2976	0.0409
15	98.0138	0.0017	0.0096	0.0839	0.3761	0.4093	0.0998	0.0197
16	98.2233	8e-04	0.0022	0.03	0.2337	0	0.522	0.1562	0.0472	0.0079
17	98.7349	8e-04	0.0019	0.0146	0.1152	0.4294	0.2806	0.114	0.0362	0.0072
18	99.2174	5e-04	0.0013	0.0066	0.0433	0.2908	0	0.3312	0.218	0.0767	0.0267	0.005
19	99.5134	0.001	0.0012	0.0074	0.029	0.145	0.2323	0.2917	0.1843	0.0762	0.0263	0.0055
20	99.6911	0.001	0.0012	0.0048	0.0176	0.0704	0.1449	0	0.2809	0.2453	0.1596	0.0505	0.0192	0.0045
21	99.7886	0.0013	0.002	0.0054	0.0189	0.0569	0.1038	0.1384	0.2552	0.2215	0.1327	0.043	0.0166	0.0041
