Allele	DQA1_05_14__DQB1_06_243
Version	2.0.2
Type	Standard
n_specificities	1
npep_u	1
npep_t	5000
spec_ids	1
L_core	9
L_N	0
L_C	0
CS_perL	1
pepL_lower	12
pepL_upper	21
n_diff_aa	20

PWM_norm.1	P1	P2	P3	P4	P5	P6	P7	P8	P9
A	1.2882	1.8736	3.3352	4.6228	1.5639	3.6984	1.8724	1.7612	2.9345
C	0.3532	0.0913	0.2349	0.1125	0.0836	0.6367	0.4452	0.0694	0.8019
D	0.386	0.8976	0.6073	0.1592	0.7052	0.0876	0.7058	0.6452	0.4536
E	0.7315	1.0371	0.4753	0.057	1.1932	0.1906	1.3779	0.888	0.5152
F	1.5939	0.4697	0.6625	0.3479	0.442	0.271	0.6237	0.9039	0.6224
G	0.3902	1.41	3.3836	5.9617	0.5757	0.424	0.7399	1.1284	1.312
H	0.7046	1.9212	0.9894	0.1557	1.2166	0.1008	1.6443	0.5113	0.4777
I	2.6568	0.584	0.3345	0.1298	0.9006	1.8227	0.9281	1.0945	1.1601
K	0.2449	1.1341	0.3066	0.1102	1.447	0.091	0.5687	0.8714	0.3144
L	1.0248	0.3779	0.2692	0.0526	0.8391	0.532	0.6636	0.7847	0.7629
M	1.431	0.6284	0.3647	0.0775	0.458	0.301	0.6553	0.4269	1.4078
N	0.6183	1.1163	0.7429	0.2984	0.756	0.1054	1.7279	0.8229	0.761
P	1.1531	0.2133	0.8865	0.0891	0.4951	2.8491	0.5807	2.0433	0.2207
Q	0.8462	1.1638	0.6203	0.0527	1.104	0.083	1.5986	0.7109	0.7236
R	0.1741	1.123	0.8815	0.0981	1.1593	0.0562	1.1331	1.0764	0.6134
S	0.6919	1.2015	1.3555	1.9887	0.8994	0.7972	1.07	0.9678	1.7116
T	0.944	1.549	0.5191	0.4668	1.0444	1.3528	0.74	1.0968	1.3119
V	2.2639	0.7427	0.486	0.3582	2.2492	3.1895	1.0446	0.8461	1.3825
W	2.2282	0.8016	0.34	0.1076	0.3015	0.0536	0.7501	0.3915	0.3082
Y	1.9601	1.435	1.0008	0.0775	0.8248	0.172	0.7539	1.0598	0.494

pepL	alpha	w_s
12	99.5307	0.083	0.1488	0	0.3949	0.3733
13	98.9574	0.0263	0.0764	0.2382	0.4675	0.1916
14	98.3293	0.0043	0.0259	0.161	0	0.4702	0.2976	0.0409
15	98.0138	0.0017	0.0096	0.0839	0.3761	0.4093	0.0998	0.0197
16	98.2233	8e-04	0.0022	0.03	0.2337	0	0.522	0.1562	0.0472	0.0079
17	98.7349	8e-04	0.0019	0.0146	0.1152	0.4294	0.2806	0.114	0.0362	0.0072
18	99.2174	5e-04	0.0013	0.0066	0.0433	0.2908	0	0.3312	0.218	0.0767	0.0267	0.005
19	99.5134	0.001	0.0012	0.0074	0.029	0.145	0.2323	0.2917	0.1843	0.0762	0.0263	0.0055
20	99.6911	0.001	0.0012	0.0048	0.0176	0.0704	0.1449	0	0.2809	0.2453	0.1596	0.0505	0.0192	0.0045
21	99.7886	0.0013	0.002	0.0054	0.0189	0.0569	0.1038	0.1384	0.2552	0.2215	0.1327	0.043	0.0166	0.0041
