Allele	DQA1_06_01__DQB1_03_72
Version	2.0.2
Type	Standard
n_specificities	1
npep_u	1
npep_t	5000
spec_ids	1
L_core	9
L_N	0
L_C	0
CS_perL	1
pepL_lower	12
pepL_upper	21
n_diff_aa	20

PWM_norm.1	P1	P2	P3	P4	P5	P6	P7	P8	P9
A	1.2035	1.8736	0.9841	2.4547	1.5962	2.8508	2.2375	1.6276	2.573
C	0.1361	0.0913	0.1396	0.7152	0.1496	0.4679	0.2726	0.1686	1.0299
D	0.1053	0.8976	1.0061	0.636	0.6693	0.1577	0.6497	0.5135	0.6368
E	0.3403	1.0371	0.609	0.498	1.0311	0.314	1.8137	1.1878	0.4031
F	2.3197	0.4697	0.3024	1.4699	0.708	0.5121	0.8663	0.611	0.3874
G	0.1328	1.41	0.5778	1.5301	0.6982	0.4404	0.7485	0.9182	2.0754
H	0.2604	1.9212	0.2742	0.7434	1.2004	0.2137	1.1215	0.9602	0.5546
I	3.1559	0.584	0.4425	1.1913	0.9196	2.2143	0.79	1.0369	1.1472
K	0.1156	1.1341	0.2688	0.2749	1.2933	0.1836	0.5589	0.7414	0.2576
L	0.8401	0.3779	0.1288	0.5415	0.7761	0.8955	0.6925	0.6066	0.4517
M	1.2613	0.6284	0.1994	0.7493	0.5666	0.8375	0.4966	0.5456	0.6833
N	0.0671	1.1163	0.3799	0.9424	0.6219	0.2962	1.174	0.9226	1.1337
P	2.7255	0.2133	0.2435	0.333	0.9535	1.9639	0.5005	2.1016	0.5155
Q	0.249	1.1638	0.332	0.4082	1.2473	0.2391	1.4573	0.9458	0.7638
R	0.088	1.123	0.1598	0.2303	1.0051	0.0897	0.895	0.9297	0.2182
S	0.2166	1.2015	3.0366	1.6174	0.9077	0.8219	1.1652	0.9815	2.0018
T	0.5383	1.549	7.0196	1.6559	1.2412	1.2574	0.6913	1.2328	1.2558
V	2.7571	0.7427	0.4076	1.6528	1.7326	3.2818	0.9479	1.028	1.3313
W	3.7871	0.8016	0.6179	0.7724	0.4452	0.1301	0.6321	0.4807	0.2045
Y	3.1007	1.435	0.2105	0.6438	0.8321	0.3269	1.0777	0.9989	0.4026

pepL	alpha	w_s
12	99.5307	0.083	0.1488	0	0.3949	0.3733
13	98.9574	0.0263	0.0764	0.2382	0.4675	0.1916
14	98.3293	0.0043	0.0259	0.161	0	0.4702	0.2976	0.0409
15	98.0138	0.0017	0.0096	0.0839	0.3761	0.4093	0.0998	0.0197
16	98.2233	8e-04	0.0022	0.03	0.2337	0	0.522	0.1562	0.0472	0.0079
17	98.7349	8e-04	0.0019	0.0146	0.1152	0.4294	0.2806	0.114	0.0362	0.0072
18	99.2174	5e-04	0.0013	0.0066	0.0433	0.2908	0	0.3312	0.218	0.0767	0.0267	0.005
19	99.5134	0.001	0.0012	0.0074	0.029	0.145	0.2323	0.2917	0.1843	0.0762	0.0263	0.0055
20	99.6911	0.001	0.0012	0.0048	0.0176	0.0704	0.1449	0	0.2809	0.2453	0.1596	0.0505	0.0192	0.0045
21	99.7886	0.0013	0.002	0.0054	0.0189	0.0569	0.1038	0.1384	0.2552	0.2215	0.1327	0.043	0.0166	0.0041
