Allele	DQA1_02_01__DQB1_03_211
Version	2.0.2
Type	Standard
n_specificities	1
npep_u	1
npep_t	5000
spec_ids	1
L_core	9
L_N	0
L_C	0
CS_perL	1
pepL_lower	12
pepL_upper	21
n_diff_aa	20

PWM_norm.1	P1	P2	P3	P4	P5	P6	P7	P8	P9
A	1.084	1.8736	0.9841	2.5255	1.5962	3.1963	2.6526	1.1886	0.6296
C	0.1743	0.0913	0.1396	0.6907	0.1496	0.4142	0.3013	0.1008	0.1248
D	0.3506	0.8976	1.0061	0.5748	0.6693	0.4092	0.4563	0.8078	4.3131
E	0.6552	1.0371	0.609	0.5021	1.0311	0.402	1.02	1.5079	5.1703
F	1.4962	0.4697	0.3024	0.8148	0.708	0.1675	0.4194	0.6687	0.5311
G	0.4004	1.41	0.5778	0.8239	0.6982	0.4753	0.8895	0.8334	0.7632
H	0.7792	1.9212	0.2742	0.4202	1.2004	0.1048	1.9327	1.0018	0.7201
I	2.0748	0.584	0.4425	1.8414	0.9196	1.6399	0.7492	0.9071	0.6966
K	0.2107	1.1341	0.2688	0.158	1.2933	0.1341	0.3969	0.9592	0.2357
L	0.6763	0.3779	0.1288	0.8153	0.7761	0.587	0.7465	0.8933	0.3544
M	1.0279	0.6284	0.1994	0.7809	0.5666	0.333	0.4918	0.6012	0.6147
N	0.1366	1.1163	0.3799	0.8084	0.6219	0.1757	2.2587	0.835	0.3738
P	2.3567	0.2133	0.2435	0.1815	0.9535	2.7413	0.2853	1.5301	0.2259
Q	0.8835	1.1638	0.332	0.3329	1.2473	0.1445	1.373	1.016	0.8203
R	0.4861	1.123	0.1598	0.1217	1.0051	0.068	0.6896	1.3699	0.1997
S	0.4603	1.2015	3.0366	1.5084	0.9077	1.0903	1.6216	0.7793	0.4232
T	1.3719	1.549	7.0196	2.2059	1.2412	1.1428	0.9393	0.9047	0.4402
V	2.5952	0.7427	0.4076	2.4245	1.7326	3.1373	0.7055	0.9768	0.5478
W	1.7024	0.8016	0.6179	0.2442	0.4452	0.0592	0.5008	0.5195	0.3832
Y	1.9979	1.435	0.2105	0.2671	0.8321	0.1334	0.4403	1.3504	0.6791

pepL	alpha	w_s
12	99.5307	0.083	0.1488	0	0.3949	0.3733
13	98.9574	0.0263	0.0764	0.2382	0.4675	0.1916
14	98.3293	0.0043	0.0259	0.161	0	0.4702	0.2976	0.0409
15	98.0138	0.0017	0.0096	0.0839	0.3761	0.4093	0.0998	0.0197
16	98.2233	8e-04	0.0022	0.03	0.2337	0	0.522	0.1562	0.0472	0.0079
17	98.7349	8e-04	0.0019	0.0146	0.1152	0.4294	0.2806	0.114	0.0362	0.0072
18	99.2174	5e-04	0.0013	0.0066	0.0433	0.2908	0	0.3312	0.218	0.0767	0.0267	0.005
19	99.5134	0.001	0.0012	0.0074	0.029	0.145	0.2323	0.2917	0.1843	0.0762	0.0263	0.0055
20	99.6911	0.001	0.0012	0.0048	0.0176	0.0704	0.1449	0	0.2809	0.2453	0.1596	0.0505	0.0192	0.0045
21	99.7886	0.0013	0.002	0.0054	0.0189	0.0569	0.1038	0.1384	0.2552	0.2215	0.1327	0.043	0.0166	0.0041
