Allele	DQA1_01_02__DQB1_03_100
Version	2.0.2
Type	Standard
n_specificities	1
npep_u	1
npep_t	5000
spec_ids	1
L_core	9
L_N	0
L_C	0
CS_perL	1
pepL_lower	12
pepL_upper	21
n_diff_aa	20

PWM_norm.1	P1	P2	P3	P4	P5	P6	P7	P8	P9
A	1.1047	1.2808	2.3983	2.4516	1.5359	1.8918	2.2375	1.6276	2.7312
C	0.454	0.2343	0.2366	0.4981	0.2297	0.2147	0.2726	0.1686	0.7806
D	0.5477	0.6718	0.9117	0.336	0.9254	0.4595	0.6497	0.5135	0.5921
E	0.7144	1.0529	0.6323	0.1901	1.3365	0.2989	1.8137	1.1878	0.4031
F	1.6532	0.4387	0.7371	0.8812	0.5295	0.2916	0.8663	0.611	0.4081
G	0.3908	0.7204	5.2043	0.8249	0.4953	0.2701	0.7485	0.9182	2.4026
H	1.0006	2.3658	1.3449	0.3549	1.4259	0.1391	1.1215	0.9602	0.6218
I	2.4569	0.7795	0.2229	2.4764	0.8712	3.4743	0.79	1.0369	0.9886
K	0.3955	1.2785	0.218	0.1347	1.5895	0.1535	0.5589	0.7414	0.2655
L	1.113	0.4932	0.3651	0.4841	0.6743	2.0166	0.6925	0.6066	0.3907
M	1.505	0.603	0.4594	0.7819	0.4667	1.8751	0.4966	0.5456	0.6924
N	1.3913	1.2535	0.5113	0.5563	0.8845	0.3547	1.174	0.9226	0.9637
P	0.8511	0.1379	1.1924	0.1644	0.2967	0.8999	0.5005	2.1016	0.4753
Q	1.0253	1.3996	0.829	0.1843	1.6929	0.2953	1.4573	0.9458	1.1503
R	0.3005	1.5494	0.214	0.1194	0.9272	0.0964	0.895	0.9297	0.2254
S	0.7724	1.0295	0.7973	1.5701	0.9804	0.3261	1.1652	0.9815	2.0316
T	0.8569	1.8525	0.3949	1.9993	1.4506	1.1131	0.6913	1.2328	1.0571
V	1.762	0.9763	0.1879	3.562	1.3864	3.4347	0.9479	1.028	1.0572
W	1.8876	1.5384	0.1797	0.3956	0.4293	0.078	0.6321	0.4807	0.1855
Y	1.6424	1.2034	0.8897	0.3474	0.7396	0.189	1.0777	0.9989	0.3956

pepL	alpha	w_s
12	99.5307	0.083	0.1488	0	0.3949	0.3733
13	98.9574	0.0263	0.0764	0.2382	0.4675	0.1916
14	98.3293	0.0043	0.0259	0.161	0	0.4702	0.2976	0.0409
15	98.0138	0.0017	0.0096	0.0839	0.3761	0.4093	0.0998	0.0197
16	98.2233	8e-04	0.0022	0.03	0.2337	0	0.522	0.1562	0.0472	0.0079
17	98.7349	8e-04	0.0019	0.0146	0.1152	0.4294	0.2806	0.114	0.0362	0.0072
18	99.2174	5e-04	0.0013	0.0066	0.0433	0.2908	0	0.3312	0.218	0.0767	0.0267	0.005
19	99.5134	0.001	0.0012	0.0074	0.029	0.145	0.2323	0.2917	0.1843	0.0762	0.0263	0.0055
20	99.6911	0.001	0.0012	0.0048	0.0176	0.0704	0.1449	0	0.2809	0.2453	0.1596	0.0505	0.0192	0.0045
21	99.7886	0.0013	0.002	0.0054	0.0189	0.0569	0.1038	0.1384	0.2552	0.2215	0.1327	0.043	0.0166	0.0041
