Allele	DQA1_04_02__DQB1_06_243
Version	2.0.2
Type	Standard
n_specificities	1
npep_u	1
npep_t	5000
spec_ids	1
L_core	9
L_N	0
L_C	0
CS_perL	1
pepL_lower	12
pepL_upper	21
n_diff_aa	20

PWM_norm.1	P1	P2	P3	P4	P5	P6	P7	P8	P9
A	1.2882	1.8736	3.3352	4.6228	1.5639	3.5141	1.8724	1.6276	2.9509
C	0.3532	0.0913	0.2349	0.1125	0.0836	0.7353	0.4452	0.1686	0.439
D	0.386	0.8976	0.6073	0.1592	0.7052	0.1303	0.7058	0.5135	0.3779
E	0.7315	1.0371	0.4753	0.057	1.1932	0.2057	1.3779	1.1878	0.735
F	1.5939	0.4697	0.6625	0.3479	0.442	0.3243	0.6237	0.611	0.5894
G	0.3902	1.41	3.3836	5.9617	0.5757	0.4895	0.7399	0.9182	1.2622
H	0.7046	1.9212	0.9894	0.1557	1.2166	0.1359	1.6443	0.9602	0.6799
I	2.6568	0.584	0.3345	0.1298	0.9006	1.8303	0.9281	1.0369	0.9178
K	0.2449	1.1341	0.3066	0.1102	1.447	0.1166	0.5687	0.7414	0.5301
L	1.0248	0.3779	0.2692	0.0526	0.8391	0.523	0.6636	0.6066	0.7222
M	1.431	0.6284	0.3647	0.0775	0.458	0.3511	0.6553	0.5456	1.417
N	0.6183	1.1163	0.7429	0.2984	0.756	0.172	1.7279	0.9226	0.6691
P	1.1531	0.2133	0.8865	0.0891	0.4951	2.6691	0.5807	2.1016	0.2123
Q	0.8462	1.1638	0.6203	0.0527	1.104	0.1073	1.5986	0.9458	0.9061
R	0.1741	1.123	0.8815	0.0981	1.1593	0.0716	1.1331	0.9297	0.9706
S	0.6919	1.2015	1.3555	1.9887	0.8994	0.8771	1.07	0.9815	1.7822
T	0.944	1.549	0.5191	0.4668	1.0444	1.5111	0.74	1.2328	0.9689
V	2.2639	0.7427	0.486	0.3582	2.2492	3.0068	1.0446	1.028	1.1194
W	2.2282	0.8016	0.34	0.1076	0.3015	0.0659	0.7501	0.4807	0.2898
Y	1.9601	1.435	1.0008	0.0775	0.8248	0.2041	0.7539	0.9989	0.4697

pepL	alpha	w_s
12	99.5307	0.083	0.1488	0	0.3949	0.3733
13	98.9574	0.0263	0.0764	0.2382	0.4675	0.1916
14	98.3293	0.0043	0.0259	0.161	0	0.4702	0.2976	0.0409
15	98.0138	0.0017	0.0096	0.0839	0.3761	0.4093	0.0998	0.0197
16	98.2233	8e-04	0.0022	0.03	0.2337	0	0.522	0.1562	0.0472	0.0079
17	98.7349	8e-04	0.0019	0.0146	0.1152	0.4294	0.2806	0.114	0.0362	0.0072
18	99.2174	5e-04	0.0013	0.0066	0.0433	0.2908	0	0.3312	0.218	0.0767	0.0267	0.005
19	99.5134	0.001	0.0012	0.0074	0.029	0.145	0.2323	0.2917	0.1843	0.0762	0.0263	0.0055
20	99.6911	0.001	0.0012	0.0048	0.0176	0.0704	0.1449	0	0.2809	0.2453	0.1596	0.0505	0.0192	0.0045
21	99.7886	0.0013	0.002	0.0054	0.0189	0.0569	0.1038	0.1384	0.2552	0.2215	0.1327	0.043	0.0166	0.0041
