Allele	DQA1_04_01__DQB1_06_13
Version	2.0.2
Type	Standard
n_specificities	1
npep_u	1
npep_t	5000
spec_ids	1
L_core	9
L_N	0
L_C	0
CS_perL	1
pepL_lower	12
pepL_upper	21
n_diff_aa	20

PWM_norm.1	P1	P2	P3	P4	P5	P6	P7	P8	P9
A	1.2882	1.8736	2.2745	4.4344	1.8207	3.1804	2.1165	0.9026	1.4592
C	0.3532	0.0913	0.2321	0.6502	0.1007	0.5365	0.1394	0.1401	0.4895
D	0.386	0.8976	1.1274	0.4576	0.6089	0.1297	0.4112	0.9226	1.8482
E	0.7315	1.0371	0.8603	0.2786	0.9222	0.2357	1.0564	1.5301	0.8707
F	1.5939	0.4697	1.0978	0.7748	0.5715	0.4609	0.694	1.8747	1.5912
G	0.3902	1.41	2.4014	1.0989	0.6291	0.445	0.3535	0.3714	1.2924
H	0.7046	1.9212	0.7825	0.5021	1.2829	0.1597	2.2259	0.3636	0.6686
I	2.6568	0.584	0.7175	0.9081	0.935	2.3577	0.5599	1.6124	2.4047
K	0.2449	1.1341	0.3888	0.1849	1.4915	0.1245	0.7548	0.9709	0.1717
L	1.0248	0.3779	0.4914	0.4234	0.8012	0.8335	0.7385	0.8982	0.8838
M	1.431	0.6284	0.7043	0.6528	0.5629	0.7912	0.4572	1.6145	1.5308
N	0.6183	1.1163	0.7587	0.7928	0.7107	0.2541	0.7818	0.9003	0.5865
P	1.1531	0.2133	0.8772	0.1847	0.8333	2.0335	0.3021	0.9818	0.2992
Q	0.8462	1.1638	0.6829	0.2322	1.1711	0.1926	2.8492	0.9665	1.3483
R	0.1741	1.123	0.5608	0.113	1.17	0.0685	2.5824	0.8141	0.1634
S	0.6919	1.2015	1.0794	2.086	0.868	0.7199	0.6089	0.5874	0.8011
T	0.944	1.549	0.7672	1.5854	1.139	1.36	0.3982	0.8755	0.7861
V	2.2639	0.7427	1.1722	1.4783	1.7473	3.195	0.8446	1.1399	1.4294
W	2.2282	0.8016	0.6778	0.267	0.3256	0.0973	0.6188	0.6785	0.5402
Y	1.9601	1.435	1.1254	0.2579	0.7263	0.29	1.4369	2.636	1.0218

pepL	alpha	w_s
12	99.5307	0.083	0.1488	0	0.3949	0.3733
13	98.9574	0.0263	0.0764	0.2382	0.4675	0.1916
14	98.3293	0.0043	0.0259	0.161	0	0.4702	0.2976	0.0409
15	98.0138	0.0017	0.0096	0.0839	0.3761	0.4093	0.0998	0.0197
16	98.2233	8e-04	0.0022	0.03	0.2337	0	0.522	0.1562	0.0472	0.0079
17	98.7349	8e-04	0.0019	0.0146	0.1152	0.4294	0.2806	0.114	0.0362	0.0072
18	99.2174	5e-04	0.0013	0.0066	0.0433	0.2908	0	0.3312	0.218	0.0767	0.0267	0.005
19	99.5134	0.001	0.0012	0.0074	0.029	0.145	0.2323	0.2917	0.1843	0.0762	0.0263	0.0055
20	99.6911	0.001	0.0012	0.0048	0.0176	0.0704	0.1449	0	0.2809	0.2453	0.1596	0.0505	0.0192	0.0045
21	99.7886	0.0013	0.002	0.0054	0.0189	0.0569	0.1038	0.1384	0.2552	0.2215	0.1327	0.043	0.0166	0.0041
