Allele	DQA1_01_11__DQB1_06_19
Version	2.0.2
Type	Standard
n_specificities	1
npep_u	1
npep_t	5000
spec_ids	1
L_core	9
L_N	0
L_C	0
CS_perL	1
pepL_lower	12
pepL_upper	21
n_diff_aa	20

PWM_norm.1	P1	P2	P3	P4	P5	P6	P7	P8	P9
A	1.0211	1.2808	2.3983	4.4682	1.8776	1.8918	2.1165	1.6276	2.7312
C	0.1618	0.2343	0.2366	0.5834	0.1321	0.2147	0.1394	0.1686	0.7806
D	0.446	0.6718	0.9117	0.2396	0.7815	0.4595	0.4112	0.5135	0.5921
E	0.8128	1.0529	0.6323	0.1333	1.0137	0.2989	1.0564	1.1878	0.4031
F	0.5217	0.4387	0.7371	0.4941	0.4306	0.2916	0.694	0.611	0.4081
G	0.3839	0.7204	5.2043	0.5405	0.4933	0.2701	0.3535	0.9182	2.4026
H	0.7887	2.3658	1.3449	0.4326	1.4427	0.1391	2.2259	0.9602	0.6218
I	1.956	0.7795	0.2229	1.3272	0.9506	3.4743	0.5599	1.0369	0.9886
K	0.1697	1.2785	0.218	0.1153	1.8836	0.1535	0.7548	0.7414	0.2655
L	1.3363	0.4932	0.3651	0.3605	0.724	2.0166	0.7385	0.6066	0.3907
M	0.8376	0.603	0.4594	0.5937	0.5597	1.8751	0.4572	0.5456	0.6924
N	3.7299	1.2535	0.5113	0.4948	1.087	0.3547	0.7818	0.9226	0.9637
P	0.1534	0.1379	1.1924	0.088	0.331	0.8999	0.3021	2.1016	0.4753
Q	1.7538	1.3996	0.829	0.148	1.3928	0.2953	2.8492	0.9458	1.1503
R	0.124	1.5494	0.214	0.0736	1.1253	0.0964	2.5824	0.9297	0.2254
S	1.6821	1.0295	0.7973	2.054	0.8456	0.3261	0.6089	0.9815	2.0316
T	1.0271	1.8525	0.3949	2.0165	1.2247	1.1131	0.3982	1.2328	1.0571
V	1.5452	0.9763	0.1879	2.5943	1.4824	3.4347	0.8446	1.028	1.0572
W	0.271	1.5384	0.1797	0.1877	0.3155	0.078	0.6188	0.4807	0.1855
Y	0.3196	1.2034	0.8897	0.1692	0.6456	0.189	1.4369	0.9989	0.3956

pepL	alpha	w_s
12	99.5307	0.083	0.1488	0	0.3949	0.3733
13	98.9574	0.0263	0.0764	0.2382	0.4675	0.1916
14	98.3293	0.0043	0.0259	0.161	0	0.4702	0.2976	0.0409
15	98.0138	0.0017	0.0096	0.0839	0.3761	0.4093	0.0998	0.0197
16	98.2233	8e-04	0.0022	0.03	0.2337	0	0.522	0.1562	0.0472	0.0079
17	98.7349	8e-04	0.0019	0.0146	0.1152	0.4294	0.2806	0.114	0.0362	0.0072
18	99.2174	5e-04	0.0013	0.0066	0.0433	0.2908	0	0.3312	0.218	0.0767	0.0267	0.005
19	99.5134	0.001	0.0012	0.0074	0.029	0.145	0.2323	0.2917	0.1843	0.0762	0.0263	0.0055
20	99.6911	0.001	0.0012	0.0048	0.0176	0.0704	0.1449	0	0.2809	0.2453	0.1596	0.0505	0.0192	0.0045
21	99.7886	0.0013	0.002	0.0054	0.0189	0.0569	0.1038	0.1384	0.2552	0.2215	0.1327	0.043	0.0166	0.0041
