Allele	DQA1_06_01__DQB1_06_16
Version	2.0.2
Type	Standard
n_specificities	1
npep_u	1
npep_t	5000
spec_ids	1
L_core	9
L_N	0
L_C	0
CS_perL	1
pepL_lower	12
pepL_upper	21
n_diff_aa	20

PWM_norm.1	P1	P2	P3	P4	P5	P6	P7	P8	P9
A	1.2882	1.8736	0.9841	3.5986	1.8207	2.8508	2.1165	1.5043	3.5434
C	0.3532	0.0913	0.1396	0.8271	0.1007	0.4679	0.1394	0.1923	0.5137
D	0.386	0.8976	1.0061	0.4809	0.6089	0.1577	0.4112	0.4805	0.6445
E	0.7315	1.0371	0.609	0.3582	0.9222	0.314	1.0564	1.0444	0.3737
F	1.5939	0.4697	0.3024	0.8985	0.5715	0.5121	0.694	0.6183	0.2405
G	0.3902	1.41	0.5778	0.8833	0.6291	0.4404	0.3535	1.0205	2.6115
H	0.7046	1.9212	0.2742	0.8611	1.2829	0.2137	2.2259	0.9071	0.4587
I	2.6568	0.584	0.4425	1.1208	0.935	2.2143	0.5599	1.0143	0.664
K	0.2449	1.1341	0.2688	0.2213	1.4915	0.1836	0.7548	0.8221	0.1972
L	1.0248	0.3779	0.1288	0.5298	0.8012	0.8955	0.7385	0.5292	0.2259
M	1.431	0.6284	0.1994	0.705	0.5629	0.8375	0.4572	0.5901	0.5177
N	0.6183	1.1163	0.3799	0.8325	0.7107	0.2962	0.7818	0.8734	0.7415
P	1.1531	0.2133	0.2435	0.1628	0.8333	1.9639	0.3021	2.2473	0.3788
Q	0.8462	1.1638	0.332	0.3293	1.1711	0.2391	2.8492	0.873	1.2239
R	0.1741	1.123	0.1598	0.1427	1.17	0.0897	2.5824	1.0104	0.1334
S	0.6919	1.2015	3.0366	1.8104	0.868	0.8219	0.6089	0.9953	2.3751
T	0.944	1.549	7.0196	1.9016	1.139	1.2574	0.3982	1.1489	0.989
V	2.2639	0.7427	0.4076	1.8082	1.7473	3.2818	0.8446	1.1476	0.7445
W	2.2282	0.8016	0.6179	0.3769	0.3256	0.1301	0.6188	0.5405	0.122
Y	1.9601	1.435	0.2105	0.3719	0.7263	0.3269	1.4369	1.1655	0.1637

pepL	alpha	w_s
12	99.5307	0.083	0.1488	0	0.3949	0.3733
13	98.9574	0.0263	0.0764	0.2382	0.4675	0.1916
14	98.3293	0.0043	0.0259	0.161	0	0.4702	0.2976	0.0409
15	98.0138	0.0017	0.0096	0.0839	0.3761	0.4093	0.0998	0.0197
16	98.2233	8e-04	0.0022	0.03	0.2337	0	0.522	0.1562	0.0472	0.0079
17	98.7349	8e-04	0.0019	0.0146	0.1152	0.4294	0.2806	0.114	0.0362	0.0072
18	99.2174	5e-04	0.0013	0.0066	0.0433	0.2908	0	0.3312	0.218	0.0767	0.0267	0.005
19	99.5134	0.001	0.0012	0.0074	0.029	0.145	0.2323	0.2917	0.1843	0.0762	0.0263	0.0055
20	99.6911	0.001	0.0012	0.0048	0.0176	0.0704	0.1449	0	0.2809	0.2453	0.1596	0.0505	0.0192	0.0045
21	99.7886	0.0013	0.002	0.0054	0.0189	0.0569	0.1038	0.1384	0.2552	0.2215	0.1327	0.043	0.0166	0.0041
