Allele	DQA1_01_21__DQB1_02_12
Version	2.0.2
Type	Standard
n_specificities	1
npep_u	1
npep_t	5000
spec_ids	1
L_core	9
L_N	0
L_C	0
CS_perL	1
pepL_lower	12
pepL_upper	21
n_diff_aa	20

PWM_norm.1	P1	P2	P3	P4	P5	P6	P7	P8	P9
A	1.1047	0.8637	1.6789	0.9959	0.8519	0.9528	0.8263	1.1886	0.6218
C	0.454	0.1565	0.2883	0.631	0.1251	0.1233	0.0955	0.1008	0.1467
D	0.5477	0.6607	1.7743	2.984	1.5137	7.9436	4.0353	0.8078	1.0089
E	0.7144	1.2426	0.5311	1.4264	2.0733	1.7108	3.6859	1.5079	1.9717
F	1.6532	0.4237	1.4638	0.3638	0.8131	0.1251	0.4036	0.6687	1.8589
G	0.3908	0.5516	3.1364	0.3151	0.8934	0.1816	0.6826	0.8334	0.3061
H	1.0006	1.7746	2.2669	0.1349	1.116	0.2068	0.693	1.0018	0.4436
I	2.4569	0.6513	0.3501	3.6073	0.6973	1.2046	0.6504	0.9071	2.2377
K	0.3955	1.5139	0.3447	0.055	1.2521	0.1423	0.1981	0.9592	0.2124
L	1.113	0.4874	0.3587	1.204	0.5136	0.819	0.7426	0.8933	1.8391
M	1.505	0.4391	0.717	1.2988	0.4399	0.5325	0.2581	0.6012	3.0319
N	1.3913	0.8145	0.5622	0.5685	1.0961	0.6913	1.1587	0.835	0.3239
P	0.8511	0.0924	0.6116	0.0555	0.5231	0.5453	0.769	1.5301	0.1165
Q	1.0253	1.5878	1.7333	0.6808	1.4348	0.4719	0.9448	1.016	0.9791
R	0.3005	1.8762	0.1948	0.0455	0.8741	0.1017	0.2226	1.3699	0.5211
S	0.7724	1.0887	1.2217	0.3635	1.0914	0.3186	0.5509	0.7793	0.4188
T	0.8569	1.9013	0.7815	0.9407	1.4023	0.6988	0.5054	0.9047	0.5232
V	1.762	1.8104	0.2235	2.9945	0.7617	1.5591	0.6422	0.9768	1.0822
W	1.8876	0.4839	0.2437	0.1809	0.3629	0.0559	0.2425	0.5195	3.2043
Y	1.6424	0.6916	1.4449	0.1264	1.0717	0.1163	0.8178	1.3504	1.7343

pepL	alpha	w_s
12	99.5307	0.083	0.1488	0	0.3949	0.3733
13	98.9574	0.0263	0.0764	0.2382	0.4675	0.1916
14	98.3293	0.0043	0.0259	0.161	0	0.4702	0.2976	0.0409
15	98.0138	0.0017	0.0096	0.0839	0.3761	0.4093	0.0998	0.0197
16	98.2233	8e-04	0.0022	0.03	0.2337	0	0.522	0.1562	0.0472	0.0079
17	98.7349	8e-04	0.0019	0.0146	0.1152	0.4294	0.2806	0.114	0.0362	0.0072
18	99.2174	5e-04	0.0013	0.0066	0.0433	0.2908	0	0.3312	0.218	0.0767	0.0267	0.005
19	99.5134	0.001	0.0012	0.0074	0.029	0.145	0.2323	0.2917	0.1843	0.0762	0.0263	0.0055
20	99.6911	0.001	0.0012	0.0048	0.0176	0.0704	0.1449	0	0.2809	0.2453	0.1596	0.0505	0.0192	0.0045
21	99.7886	0.0013	0.002	0.0054	0.0189	0.0569	0.1038	0.1384	0.2552	0.2215	0.1327	0.043	0.0166	0.0041
