Allele	DQA1_02_01__DQB1_06_49
Version	2.0.2
Type	Standard
n_specificities	1
npep_u	1
npep_t	5000
spec_ids	1
L_core	9
L_N	0
L_C	0
CS_perL	1
pepL_lower	12
pepL_upper	21
n_diff_aa	20

PWM_norm.1	P1	P2	P3	P4	P5	P6	P7	P8	P9
A	1.0121	1.8736	1.4174	4.7691	1.7568	2.9683	2.039	1.6276	3.5196
C	0.3834	0.0913	0.177	0.5201	0.0739	0.4907	0.1657	0.1686	0.5332
D	0.5822	0.8976	0.8205	0.3132	0.6535	0.1107	0.4721	0.5135	0.6621
E	0.9216	1.0371	0.5701	0.2636	0.9865	0.2689	0.9606	1.1878	0.3945
F	1.0874	0.4697	0.3468	0.6916	0.4431	0.4797	0.6948	0.611	0.2969
G	0.65	1.41	0.9243	1.3935	0.5827	0.4233	0.3461	0.9182	2.7227
H	1.222	1.9212	0.416	0.7282	1.3079	0.1608	2.1369	0.9602	0.4726
I	1.7884	0.584	0.4659	0.7087	0.9035	2.1668	0.598	1.0369	0.5876
K	0.3894	1.1341	0.3199	0.1927	1.6121	0.1338	0.7186	0.7414	0.1643
L	0.7327	0.3779	0.154	0.3449	0.82	0.908	0.7356	0.6066	0.2347
M	1.124	0.6284	0.2122	0.4471	0.4842	0.5988	0.5027	0.5456	0.5367
N	0.7248	1.1163	0.5188	0.6369	0.8192	0.1914	0.8303	0.9226	0.7091
P	1.1685	0.2133	0.373	0.0867	0.6175	2.1224	0.3739	2.1016	0.3574
Q	1.5356	1.1638	0.3838	0.2411	1.081	0.1467	2.7696	0.9458	1.2782
R	0.5053	1.123	0.2875	0.1228	1.2423	0.0775	2.4947	0.9297	0.1436
S	0.7617	1.2015	3.0806	2.1564	0.8697	0.8559	0.6495	0.9815	2.3405
T	1.3587	1.549	5.4592	1.5583	1.0452	1.2052	0.5018	1.2328	0.9631
V	2.0169	0.7427	0.4322	1.3682	1.9941	3.4445	0.9278	1.028	0.6763
W	1.3349	0.8016	0.6578	0.2899	0.2685	0.1069	0.6859	0.4807	0.1134
Y	1.5213	1.435	0.3187	0.2115	0.7354	0.2809	1.393	0.9989	0.2046

pepL	alpha	w_s
12	99.5307	0.083	0.1488	0	0.3949	0.3733
13	98.9574	0.0263	0.0764	0.2382	0.4675	0.1916
14	98.3293	0.0043	0.0259	0.161	0	0.4702	0.2976	0.0409
15	98.0138	0.0017	0.0096	0.0839	0.3761	0.4093	0.0998	0.0197
16	98.2233	8e-04	0.0022	0.03	0.2337	0	0.522	0.1562	0.0472	0.0079
17	98.7349	8e-04	0.0019	0.0146	0.1152	0.4294	0.2806	0.114	0.0362	0.0072
18	99.2174	5e-04	0.0013	0.0066	0.0433	0.2908	0	0.3312	0.218	0.0767	0.0267	0.005
19	99.5134	0.001	0.0012	0.0074	0.029	0.145	0.2323	0.2917	0.1843	0.0762	0.0263	0.0055
20	99.6911	0.001	0.0012	0.0048	0.0176	0.0704	0.1449	0	0.2809	0.2453	0.1596	0.0505	0.0192	0.0045
21	99.7886	0.0013	0.002	0.0054	0.0189	0.0569	0.1038	0.1384	0.2552	0.2215	0.1327	0.043	0.0166	0.0041
