Allele	DQA1_02_01__DQB1_06_12
Version	2.0.2
Type	Standard
n_specificities	1
npep_u	1
npep_t	5000
spec_ids	1
L_core	9
L_N	0
L_C	0
CS_perL	1
pepL_lower	12
pepL_upper	21
n_diff_aa	20

PWM_norm.1	P1	P2	P3	P4	P5	P6	P7	P8	P9
A	0.8008	1.8736	0.9841	3.5986	1.8207	3.1963	2.1165	0.9026	1.0233
C	0.397	0.0913	0.1396	0.8271	0.1007	0.4142	0.1394	0.1401	0.3177
D	0.3638	0.8976	1.0061	0.4809	0.6089	0.4092	0.4112	0.9226	2.5351
E	0.6728	1.0371	0.609	0.3582	0.9222	0.402	1.0564	1.5301	1.5898
F	3.2397	0.4697	0.3024	0.8985	0.5715	0.1675	0.694	1.8747	1.3233
G	0.3612	1.41	0.5778	0.8833	0.6291	0.4753	0.3535	0.3714	1.0031
H	1.9361	1.9212	0.2742	0.8611	1.2829	0.1048	2.2259	0.3636	0.975
I	1.9151	0.584	0.4425	1.1208	0.935	1.6399	0.5599	1.6124	2.4059
K	0.2767	1.1341	0.2688	0.2213	1.4915	0.1341	0.7548	0.9709	0.229
L	1.0965	0.3779	0.1288	0.5298	0.8012	0.587	0.7385	0.8982	0.7668
M	1.7181	0.6284	0.1994	0.705	0.5629	0.333	0.4572	1.6145	1.1613
N	0.7901	1.1163	0.3799	0.8325	0.7107	0.1757	0.7818	0.9003	0.704
P	0.5267	0.2133	0.2435	0.1628	0.8333	2.7413	0.3021	0.9818	0.2941
Q	1.1504	1.1638	0.332	0.3293	1.1711	0.1445	2.8492	0.9665	1.4678
R	0.3149	1.123	0.1598	0.1427	1.17	0.068	2.5824	0.8141	0.1985
S	0.4255	1.2015	3.0366	1.8104	0.868	1.0903	0.6089	0.5874	0.6527
T	0.7023	1.549	7.0196	1.9016	1.139	1.1428	0.3982	0.8755	0.6995
V	1.4296	0.7427	0.4076	1.8082	1.7473	3.1373	0.8446	1.1399	1.3199
W	2.7252	0.8016	0.6179	0.3769	0.3256	0.0592	0.6188	0.6785	0.6632
Y	4.1546	1.435	0.2105	0.3719	0.7263	0.1334	1.4369	2.636	0.8799

pepL	alpha	w_s
12	99.5307	0.083	0.1488	0	0.3949	0.3733
13	98.9574	0.0263	0.0764	0.2382	0.4675	0.1916
14	98.3293	0.0043	0.0259	0.161	0	0.4702	0.2976	0.0409
15	98.0138	0.0017	0.0096	0.0839	0.3761	0.4093	0.0998	0.0197
16	98.2233	8e-04	0.0022	0.03	0.2337	0	0.522	0.1562	0.0472	0.0079
17	98.7349	8e-04	0.0019	0.0146	0.1152	0.4294	0.2806	0.114	0.0362	0.0072
18	99.2174	5e-04	0.0013	0.0066	0.0433	0.2908	0	0.3312	0.218	0.0767	0.0267	0.005
19	99.5134	0.001	0.0012	0.0074	0.029	0.145	0.2323	0.2917	0.1843	0.0762	0.0263	0.0055
20	99.6911	0.001	0.0012	0.0048	0.0176	0.0704	0.1449	0	0.2809	0.2453	0.1596	0.0505	0.0192	0.0045
21	99.7886	0.0013	0.002	0.0054	0.0189	0.0569	0.1038	0.1384	0.2552	0.2215	0.1327	0.043	0.0166	0.0041
