Allele	DQA1_01_07Q__DQB1_03_05
Version	2.0.2
Type	Standard
n_specificities	1
npep_u	1
npep_t	5000
spec_ids	1
L_core	9
L_N	0
L_C	0
CS_perL	1
pepL_lower	12
pepL_upper	21
n_diff_aa	20

PWM_norm.1	P1	P2	P3	P4	P5	P6	P7	P8	P9
A	0.8572	1.2808	2.3983	2.4516	1.5359	1.6523	2.2375	1.1886	0.7589
C	0.5606	0.2343	0.2366	0.4981	0.2297	0.2177	0.2726	0.1008	0.1051
D	1.2002	0.6718	0.9117	0.336	0.9254	4.4824	0.6497	0.8078	3.8877
E	1.1507	1.0529	0.6323	0.1901	1.3365	0.4155	1.8137	1.5079	4.8153
F	1.4948	0.4387	0.7371	0.8812	0.5295	0.1296	0.8663	0.6687	0.5781
G	0.5307	0.7204	5.2043	0.8249	0.4953	0.3894	0.7485	0.8334	0.8444
H	1.2773	2.3658	1.3449	0.3549	1.4259	0.1324	1.1215	1.0018	0.8175
I	1.8173	0.7795	0.2229	2.4764	0.8712	2.5113	0.79	0.9071	0.6974
K	0.4469	1.2785	0.218	0.1347	1.5895	0.2113	0.5589	0.9592	0.2223
L	0.8211	0.4932	0.3651	0.4841	0.6743	1.2124	0.6925	0.8933	0.3818
M	1.1703	0.603	0.4594	0.7819	0.4667	0.6913	0.4966	0.6012	0.7009
N	1.1499	1.2535	0.5113	0.5563	0.8845	0.5643	1.174	0.835	0.3788
P	0.9122	0.1379	1.1924	0.1644	0.2967	1.0508	0.5005	1.5301	0.1989
Q	1.217	1.3996	0.829	0.1843	1.6929	0.2131	1.4573	1.016	1.213
R	0.6365	1.5494	0.214	0.1194	0.9272	0.1197	0.895	1.3699	0.2118
S	0.7469	1.0295	0.7973	1.5701	0.9804	0.5329	1.1652	0.7793	0.502
T	0.793	1.8525	0.3949	1.9993	1.4506	1.0243	0.6913	0.9047	0.4498
V	1.5166	0.9763	0.1879	3.562	1.3864	2.2861	0.9479	0.9768	0.5392
W	1.9171	1.5384	0.1797	0.3956	0.4293	0.0626	0.6321	0.5195	0.3523
Y	1.5953	1.2034	0.8897	0.3474	0.7396	0.1075	1.0777	1.3504	0.6795

pepL	alpha	w_s
12	99.5307	0.083	0.1488	0	0.3949	0.3733
13	98.9574	0.0263	0.0764	0.2382	0.4675	0.1916
14	98.3293	0.0043	0.0259	0.161	0	0.4702	0.2976	0.0409
15	98.0138	0.0017	0.0096	0.0839	0.3761	0.4093	0.0998	0.0197
16	98.2233	8e-04	0.0022	0.03	0.2337	0	0.522	0.1562	0.0472	0.0079
17	98.7349	8e-04	0.0019	0.0146	0.1152	0.4294	0.2806	0.114	0.0362	0.0072
18	99.2174	5e-04	0.0013	0.0066	0.0433	0.2908	0	0.3312	0.218	0.0767	0.0267	0.005
19	99.5134	0.001	0.0012	0.0074	0.029	0.145	0.2323	0.2917	0.1843	0.0762	0.0263	0.0055
20	99.6911	0.001	0.0012	0.0048	0.0176	0.0704	0.1449	0	0.2809	0.2453	0.1596	0.0505	0.0192	0.0045
21	99.7886	0.0013	0.002	0.0054	0.0189	0.0569	0.1038	0.1384	0.2552	0.2215	0.1327	0.043	0.0166	0.0041
