Allele	DRB1_16_07
Version	2.0.2
Type	Standard
n_specificities	1
npep_u	1
npep_t	5000
spec_ids	1
L_core	9
L_N	0
L_C	0
CS_perL	1
pepL_lower	12
pepL_upper	21
n_diff_aa	20

PWM_norm.1	P1	P2	P3	P4	P5	P6	P7	P8	P9
A	0.1029	1.0134	1.546	0.9627	1.0154	1.1306	0.7075	1.1907	2.5987
C	0.0559	0.1235	0.2568	0.2515	0.1647	0.1524	0.1256	0.1031	0.6635
D	0.0374	0.5913	0.3118	0.1925	1.862	1.427	1.2169	0.5361	0.1726
E	0.0624	1.1077	0.6123	0.5571	0.6048	0.5734	0.7949	0.9168	0.2702
F	8.1933	0.8387	0.9845	2.6447	0.4164	0.1487	1.5064	0.5822	0.4114
G	0.0694	0.3517	0.6804	0.1429	0.6193	1.4683	0.264	0.9812	0.8683
H	0.1308	1.4385	0.884	0.3092	0.9889	0.2156	1.315	1.5526	0.2507
I	3.0425	1.5961	2.0315	3.9783	0.8932	0.1428	1.0131	0.9874	2.167
K	0.0618	1.6684	0.901	0.1976	2.0233	0.1051	1.0614	1.5323	0.1829
L	1.4376	0.8504	0.9485	1.969	0.4342	0.0648	1.1389	1.0968	2.1646
M	0.9853	0.5381	1.1	3.8494	0.5819	0.0884	0.5834	0.5227	0.6898
N	0.0742	1.0123	0.8255	0.2462	2.2274	4.0465	1.8916	0.8925	0.4426
P	0.044	0.0588	0.9346	0.0586	0.8806	0.2209	1.3042	1.3067	0.1744
Q	0.0574	1.22	1.1168	0.4482	0.8981	0.2817	1.6308	1.0777	0.3786
R	0.0413	1.7111	1.2336	0.1052	1.3713	0.1329	1.0868	1.4316	0.4466
S	0.0464	0.7139	0.8389	0.6128	0.9396	5.343	0.5603	0.7486	0.7041
T	0.0914	1.1123	0.8639	0.875	1.2075	0.546	1.1289	0.86	0.9507
V	1.0453	1.9205	1.4124	2.276	1.1445	0.2389	0.8504	0.9869	2.9789
W	4.6078	0.5426	0.783	0.7957	0.228	0.0949	1.2531	0.306	0.0828
Y	9.5386	1.1385	1.6924	0.731	1.0768	0.2282	1.2343	1.066	0.2246

pepL	alpha	w_s
12	99.5307	0.083	0.1488	0	0.3949	0.3733
13	98.9574	0.0263	0.0764	0.2382	0.4675	0.1916
14	98.3293	0.0043	0.0259	0.161	0	0.4702	0.2976	0.0409
15	98.0138	0.0017	0.0096	0.0839	0.3761	0.4093	0.0998	0.0197
16	98.2233	8e-04	0.0022	0.03	0.2337	0	0.522	0.1562	0.0472	0.0079
17	98.7349	8e-04	0.0019	0.0146	0.1152	0.4294	0.2806	0.114	0.0362	0.0072
18	99.2174	5e-04	0.0013	0.0066	0.0433	0.2908	0	0.3312	0.218	0.0767	0.0267	0.005
19	99.5134	0.001	0.0012	0.0074	0.029	0.145	0.2323	0.2917	0.1843	0.0762	0.0263	0.0055
20	99.6911	0.001	0.0012	0.0048	0.0176	0.0704	0.1449	0	0.2809	0.2453	0.1596	0.0505	0.0192	0.0045
21	99.7886	0.0013	0.002	0.0054	0.0189	0.0569	0.1038	0.1384	0.2552	0.2215	0.1327	0.043	0.0166	0.0041
