Allele	DRB1_14_10
Version	2.0.2
Type	Standard
n_specificities	1
npep_u	1
npep_t	5000
spec_ids	1
L_core	9
L_N	0
L_C	0
CS_perL	1
pepL_lower	12
pepL_upper	21
n_diff_aa	20

PWM_norm.1	P1	P2	P3	P4	P5	P6	P7	P8	P9
A	0.1572	1.0134	1.8502	2.7376	1.3039	0.6969	1.8785	0.9515	0.5754
C	0.0769	0.1235	0.172	0.1971	0.1204	0.1348	0.1652	0.0899	0.1992
D	0.0463	0.5913	0.3386	0.3351	1.8834	3.4714	1.5934	0.6004	0.133
E	0.0356	1.1077	0.4016	0.3912	1.0203	0.15	0.9256	0.7425	0.1735
F	1.3114	0.8387	0.7339	0.9893	0.3495	0.0524	0.5696	0.2579	0.8919
G	0.0913	0.3517	0.8535	0.2486	0.7516	0.2492	0.6052	0.8249	0.1055
H	0.0556	1.4385	0.7104	0.3474	0.9916	0.0884	0.4096	1.004	0.0978
I	8.8846	1.5961	1.5045	1.877	0.6636	0.3182	1.005	1.4471	5.5121
K	0.046	1.6684	0.8451	0.0827	1.2877	0.0717	0.2593	1.5714	0.0557
L	2.7486	0.8504	0.7515	0.609	0.4744	0.0937	1.0869	1.2279	3.0635
M	1.5087	0.5381	0.6092	0.4324	0.37	0.0679	0.797	0.7207	0.8799
N	0.0579	1.0123	1.3971	0.484	1.0792	4.1824	2.8108	1.057	0.1991
P	0.0858	0.0588	1.7014	0.0436	1.5262	0.3899	1.1821	1.7746	0.0689
Q	0.0423	1.22	0.7867	0.3015	0.9218	0.0915	1.1144	1.1179	0.2382
R	0.0456	1.7111	1.6925	0.0497	0.9119	0.0594	0.2838	1.2407	0.1096
S	0.0422	0.7139	0.9273	2.533	1.1522	2.46	1.1317	0.5171	0.1295
T	0.1628	1.1123	0.9051	2.1847	1.2043	4.197	0.8754	0.9624	0.4056
V	3.3713	1.9205	1.0718	2.8666	1.1903	1.6814	1.018	1.2119	4.1161
W	0.3518	0.5426	0.2596	0.1163	0.6315	0.0297	0.3994	0.1208	0.1265
Y	0.1942	1.1385	1.3525	0.0943	0.953	0.056	0.5745	1.0151	0.8162

pepL	alpha	w_s
12	99.5307	0.083	0.1488	0	0.3949	0.3733
13	98.9574	0.0263	0.0764	0.2382	0.4675	0.1916
14	98.3293	0.0043	0.0259	0.161	0	0.4702	0.2976	0.0409
15	98.0138	0.0017	0.0096	0.0839	0.3761	0.4093	0.0998	0.0197
16	98.2233	8e-04	0.0022	0.03	0.2337	0	0.522	0.1562	0.0472	0.0079
17	98.7349	8e-04	0.0019	0.0146	0.1152	0.4294	0.2806	0.114	0.0362	0.0072
18	99.2174	5e-04	0.0013	0.0066	0.0433	0.2908	0	0.3312	0.218	0.0767	0.0267	0.005
19	99.5134	0.001	0.0012	0.0074	0.029	0.145	0.2323	0.2917	0.1843	0.0762	0.0263	0.0055
20	99.6911	0.001	0.0012	0.0048	0.0176	0.0704	0.1449	0	0.2809	0.2453	0.1596	0.0505	0.0192	0.0045
21	99.7886	0.0013	0.002	0.0054	0.0189	0.0569	0.1038	0.1384	0.2552	0.2215	0.1327	0.043	0.0166	0.0041
