Allele	DRB1_03_04
Version	2.0.2
Type	Standard
n_specificities	1
npep_u	1
npep_t	5000
spec_ids	1
L_core	9
L_N	0
L_C	0
CS_perL	1
pepL_lower	12
pepL_upper	21
n_diff_aa	20

PWM_norm.1	P1	P2	P3	P4	P5	P6	P7	P8	P9
A	0.1572	1.1728	1.3786	0.2507	0.7721	0.5305	1.8499	1.1907	1.8703
C	0.0769	0.1463	0.2593	0.0224	0.1643	0.0454	0.2304	0.1031	0.7894
D	0.0463	0.6938	0.3876	18.449	1.1921	0.2269	0.7639	0.5361	0.275
E	0.0356	0.8267	0.6195	0.303	1.1594	0.3559	1.3979	0.9168	0.3879
F	1.3114	1.1151	0.9102	0.0513	0.5784	0.0909	0.6255	0.5822	0.9869
G	0.0913	0.3881	0.5698	0.0663	1.3215	0.1763	0.8165	0.9812	1.1225
H	0.0556	1.3503	0.5705	0.0414	0.8741	1.4787	0.4334	1.5526	0.5277
I	8.8846	2.137	2.4016	0.0663	0.8275	0.3462	1.0954	0.9874	1.5752
K	0.046	1.2355	0.8655	0.0379	1.3472	7.1325	0.3391	1.5323	0.5017
L	2.7486	0.899	1.0635	0.0308	0.6527	0.1272	1.5192	1.0968	1.4611
M	1.5087	0.5261	1.1916	0.0598	0.8285	0.147	0.7652	0.5227	1.2526
N	0.0579	1.0668	1.0675	0.3174	1.4145	0.5916	1.6802	0.8925	0.7518
P	0.0858	0.0556	1.2938	0.0157	2.0299	0.3332	0.5586	1.3067	0.2601
Q	0.0423	0.9425	0.8084	0.0789	0.9846	0.568	0.9711	1.0777	0.7808
R	0.0456	1.6553	0.9467	0.0254	0.8028	4.4083	0.4022	1.4316	0.9982
S	0.0422	0.5805	0.7542	0.2579	0.8795	0.3153	0.8594	0.7486	0.923
T	0.1628	1.2673	0.8401	0.1485	1.3422	0.829	1.0293	0.86	0.9276
V	3.3713	1.9538	1.7211	0.0781	0.5807	0.6054	1.4571	0.9869	2.0701
W	0.3518	0.5992	0.3945	0.0191	0.3325	0.0859	0.3248	0.306	0.2889
Y	0.1942	1.3535	1.3914	0.0278	0.7169	0.1113	0.9266	1.066	1.0776

pepL	alpha	w_s
12	99.5307	0.083	0.1488	0	0.3949	0.3733
13	98.9574	0.0263	0.0764	0.2382	0.4675	0.1916
14	98.3293	0.0043	0.0259	0.161	0	0.4702	0.2976	0.0409
15	98.0138	0.0017	0.0096	0.0839	0.3761	0.4093	0.0998	0.0197
16	98.2233	8e-04	0.0022	0.03	0.2337	0	0.522	0.1562	0.0472	0.0079
17	98.7349	8e-04	0.0019	0.0146	0.1152	0.4294	0.2806	0.114	0.0362	0.0072
18	99.2174	5e-04	0.0013	0.0066	0.0433	0.2908	0	0.3312	0.218	0.0767	0.0267	0.005
19	99.5134	0.001	0.0012	0.0074	0.029	0.145	0.2323	0.2917	0.1843	0.0762	0.0263	0.0055
20	99.6911	0.001	0.0012	0.0048	0.0176	0.0704	0.1449	0	0.2809	0.2453	0.1596	0.0505	0.0192	0.0045
21	99.7886	0.0013	0.002	0.0054	0.0189	0.0569	0.1038	0.1384	0.2552	0.2215	0.1327	0.043	0.0166	0.0041
