Allele	DRB1_04_26
Version	2.0.2
Type	Standard
n_specificities	1
npep_u	1
npep_t	5000
spec_ids	1
L_core	9
L_N	0
L_C	0
CS_perL	1
pepL_lower	12
pepL_upper	21
n_diff_aa	20

PWM_norm.1	P1	P2	P3	P4	P5	P6	P7	P8	P9
A	0.1029	1.0134	1.4947	1.305	1.1047	0.614	2.3831	1.1907	2.862
C	0.0559	0.1235	0.3518	0.1592	0.2204	0.0823	0.1272	0.1031	0.2794
D	0.0374	0.5913	0.3964	6.7385	1.6696	3.7236	0.9586	0.5361	0.4451
E	0.0624	1.1077	0.5622	2.748	0.8664	0.1073	1.0426	0.9168	0.4821
F	8.1933	0.8387	0.9663	0.6639	0.4779	0.0391	0.3589	0.5822	0.2438
G	0.0694	0.3517	0.7577	0.1554	0.8147	0.1775	0.4374	0.9812	2.9935
H	0.1308	1.4385	0.6806	0.1311	0.8856	0.0593	0.2331	1.5526	0.8464
I	3.0425	1.5961	2.0208	1.1029	0.9168	0.2471	0.944	0.9874	0.3393
K	0.0618	1.6684	0.8987	0.0558	1.1472	0.0485	0.1235	1.5323	0.2865
L	1.4376	0.8504	0.8004	0.2937	0.5397	0.0746	1.1862	1.0968	0.1912
M	0.9853	0.5381	0.9597	1.0907	0.6	0.0497	0.4883	0.5227	0.37
N	0.0742	1.0123	1.5426	0.5444	1.1802	3.8153	3.0197	0.8925	0.8919
P	0.044	0.0588	1.0613	0.0235	1.888	0.2262	1.6077	1.3067	0.4117
Q	0.0574	1.22	0.8485	1.2538	0.9244	0.0791	0.8997	1.0777	2.6934
R	0.0413	1.7111	1.2654	0.0421	0.9626	0.0373	0.1884	1.4316	0.252
S	0.0464	0.7139	0.9317	0.7054	1.3251	2.7169	1.0274	0.7486	2.1807
T	0.0914	1.1123	0.9486	0.8941	1.245	4.8255	0.8097	0.86	0.6729
V	1.0453	1.9205	1.2439	0.7345	0.8812	1.3562	1.3799	0.9869	0.4655
W	4.6078	0.5426	0.5341	0.165	0.2536	0.0223	0.1967	0.306	0.0943
Y	9.5386	1.1385	1.6204	0.1465	0.5583	0.0422	0.3013	1.066	0.1875

pepL	alpha	w_s
12	99.5307	0.083	0.1488	0	0.3949	0.3733
13	98.9574	0.0263	0.0764	0.2382	0.4675	0.1916
14	98.3293	0.0043	0.0259	0.161	0	0.4702	0.2976	0.0409
15	98.0138	0.0017	0.0096	0.0839	0.3761	0.4093	0.0998	0.0197
16	98.2233	8e-04	0.0022	0.03	0.2337	0	0.522	0.1562	0.0472	0.0079
17	98.7349	8e-04	0.0019	0.0146	0.1152	0.4294	0.2806	0.114	0.0362	0.0072
18	99.2174	5e-04	0.0013	0.0066	0.0433	0.2908	0	0.3312	0.218	0.0767	0.0267	0.005
19	99.5134	0.001	0.0012	0.0074	0.029	0.145	0.2323	0.2917	0.1843	0.0762	0.0263	0.0055
20	99.6911	0.001	0.0012	0.0048	0.0176	0.0704	0.1449	0	0.2809	0.2453	0.1596	0.0505	0.0192	0.0045
21	99.7886	0.0013	0.002	0.0054	0.0189	0.0569	0.1038	0.1384	0.2552	0.2215	0.1327	0.043	0.0166	0.0041
