Allele	DRB1_14_08
Version	2.0.2
Type	Standard
n_specificities	1
npep_u	1
npep_t	5000
spec_ids	1
L_core	9
L_N	0
L_C	0
CS_perL	1
pepL_lower	12
pepL_upper	21
n_diff_aa	20

PWM_norm.1	P1	P2	P3	P4	P5	P6	P7	P8	P9
A	0.1572	1.0134	1.5834	2.2433	0.8575	0.257	0.9533	1.1156	1.1504
C	0.0769	0.1235	0.2247	0.3525	0.1472	0.0274	0.1483	0.1014	0.5155
D	0.0463	0.5913	0.2325	0.3601	2.2142	0.1246	0.7086	0.5471	0.0983
E	0.0356	1.1077	0.5881	0.2458	1.7818	0.2656	1.4097	0.7864	0.1123
F	1.3114	0.8387	1.228	0.5788	0.4357	0.0455	0.5	0.3997	0.8449
G	0.0913	0.3517	0.4314	0.1697	0.6015	0.1343	1.2017	0.9365	0.2845
H	0.0556	1.4385	0.6858	0.6013	1.0925	1.6108	0.6901	1.2467	0.1792
I	8.8846	1.5961	2.4033	1.854	0.9009	0.1237	1.0757	1.1732	3.1693
K	0.046	1.6684	0.9176	0.1122	1.8338	6.4339	0.7907	1.6233	0.1014
L	2.7486	0.8504	0.9694	0.6513	0.3491	0.0457	1.3304	1.0862	2.6631
M	1.5087	0.5381	1.3798	0.2732	0.3747	0.0731	0.9034	0.6043	0.9702
N	0.0579	1.0123	0.8626	2.0409	1.1458	0.3126	2.5978	1.013	0.5886
P	0.0858	0.0588	1.2441	0.0493	1.3064	0.2287	0.406	1.5185	0.1096
Q	0.0423	1.22	1.0298	0.1563	0.9404	0.3026	1.2823	1.0448	0.3938
R	0.0456	1.7111	0.8707	0.0651	1.1011	7.346	0.3631	1.3996	0.175
S	0.0422	0.7139	0.9151	2.8331	0.7587	0.2008	1.0477	0.6894	0.4723
T	0.1628	1.1123	0.651	1.3378	1.2132	0.5743	0.8416	0.9511	0.7655
V	3.3713	1.9205	1.4568	3.2507	0.7332	0.2692	1.1095	1.0767	4.1201
W	0.3518	0.5426	0.5626	0.0567	0.5147	0.0507	0.3181	0.1805	0.1057
Y	0.1942	1.1385	1.6949	0.0986	0.7775	0.0698	1.2345	1.0324	1.1085

pepL	alpha	w_s
12	99.5307	0.083	0.1488	0	0.3949	0.3733
13	98.9574	0.0263	0.0764	0.2382	0.4675	0.1916
14	98.3293	0.0043	0.0259	0.161	0	0.4702	0.2976	0.0409
15	98.0138	0.0017	0.0096	0.0839	0.3761	0.4093	0.0998	0.0197
16	98.2233	8e-04	0.0022	0.03	0.2337	0	0.522	0.1562	0.0472	0.0079
17	98.7349	8e-04	0.0019	0.0146	0.1152	0.4294	0.2806	0.114	0.0362	0.0072
18	99.2174	5e-04	0.0013	0.0066	0.0433	0.2908	0	0.3312	0.218	0.0767	0.0267	0.005
19	99.5134	0.001	0.0012	0.0074	0.029	0.145	0.2323	0.2917	0.1843	0.0762	0.0263	0.0055
20	99.6911	0.001	0.0012	0.0048	0.0176	0.0704	0.1449	0	0.2809	0.2453	0.1596	0.0505	0.0192	0.0045
21	99.7886	0.0013	0.002	0.0054	0.0189	0.0569	0.1038	0.1384	0.2552	0.2215	0.1327	0.043	0.0166	0.0041
