Allele	DRB1_07_09
Version	2.0.2
Type	Standard
n_specificities	1
npep_u	1
npep_t	5000
spec_ids	1
L_core	9
L_N	0
L_C	0
CS_perL	1
pepL_lower	12
pepL_upper	21
n_diff_aa	20

PWM_norm.1	P1	P2	P3	P4	P5	P6	P7	P8	P9
A	0.1029	1.136	1.4625	1.1755	1.3307	2.5624	0.7623	1.0497	0.8676
C	0.0559	0.1399	0.1462	0.0724	0.1541	0.2656	0.1457	0.1463	0.2416
D	0.0374	0.7105	0.2843	0.11	0.9835	0.63	0.4683	0.6212	0.1777
E	0.0624	1.0808	0.5772	0.1417	0.7211	0.4647	1.2411	0.7709	0.198
F	8.1933	0.715	1.4791	0.8628	0.4584	0.7228	0.7946	0.7075	1.0131
G	0.0694	0.469	0.6201	0.1384	0.6212	1.6355	0.5328	0.9215	0.2176
H	0.1308	2.396	1.4555	0.7901	2.0426	0.3585	2.0643	0.9564	0.1534
I	3.0425	1.2207	1.4284	1.0606	0.8902	0.4387	1.2696	1.0167	5.7656
K	0.0618	1.4549	1.4259	0.0641	2.1305	0.1092	1.1993	1.6	0.0511
L	1.4376	0.675	0.7376	0.189	0.5131	0.1736	1.3205	0.8835	2.3894
M	0.9853	0.5727	1.1093	0.1816	0.6921	0.3357	0.6821	0.533	0.8773
N	0.0742	1.4301	0.7375	0.2333	1.2047	1.974	2.4188	1.0779	0.2642
P	0.044	0.0841	1.5571	0.043	0.816	0.833	0.4321	1.5533	0.102
Q	0.0574	1.384	1.3005	0.1294	0.9974	0.6315	1.708	0.8283	0.2658
R	0.0413	1.5638	0.9039	0.0539	1.4243	0.1531	0.8589	1.492	0.0766
S	0.0464	0.8815	0.7558	2.7079	0.8527	2.9289	0.5504	0.9957	0.2318
T	0.0914	1.2423	0.5951	6.5734	1.6772	1.426	0.6796	1.0871	0.5984
V	1.0453	1.3128	0.9893	2.3373	1.0509	0.9121	1.2757	0.9827	4.0494
W	4.6078	0.6999	0.8569	1.6573	0.2481	0.305	0.7189	0.3088	0.1288
Y	9.5386	1.2059	2.4551	0.0868	0.6041	0.6272	1.2573	1.0281	0.7565

pepL	alpha	w_s
12	99.5307	0.083	0.1488	0	0.3949	0.3733
13	98.9574	0.0263	0.0764	0.2382	0.4675	0.1916
14	98.3293	0.0043	0.0259	0.161	0	0.4702	0.2976	0.0409
15	98.0138	0.0017	0.0096	0.0839	0.3761	0.4093	0.0998	0.0197
16	98.2233	8e-04	0.0022	0.03	0.2337	0	0.522	0.1562	0.0472	0.0079
17	98.7349	8e-04	0.0019	0.0146	0.1152	0.4294	0.2806	0.114	0.0362	0.0072
18	99.2174	5e-04	0.0013	0.0066	0.0433	0.2908	0	0.3312	0.218	0.0767	0.0267	0.005
19	99.5134	0.001	0.0012	0.0074	0.029	0.145	0.2323	0.2917	0.1843	0.0762	0.0263	0.0055
20	99.6911	0.001	0.0012	0.0048	0.0176	0.0704	0.1449	0	0.2809	0.2453	0.1596	0.0505	0.0192	0.0045
21	99.7886	0.0013	0.002	0.0054	0.0189	0.0569	0.1038	0.1384	0.2552	0.2215	0.1327	0.043	0.0166	0.0041
