Allele	DRB1_11_21
Version	2.0.2
Type	Standard
n_specificities	1
npep_u	1
npep_t	5000
spec_ids	1
L_core	9
L_N	0
L_C	0
CS_perL	1
pepL_lower	12
pepL_upper	21
n_diff_aa	20

PWM_norm.1	P1	P2	P3	P4	P5	P6	P7	P8	P9
A	0.1605	1.0134	1.5913	0.7696	0.716	0.4485	0.6334	1.1907	2.862
C	0.0594	0.1235	0.2718	0.1029	0.1708	0.0464	0.0996	0.1031	0.2794
D	0.0321	0.5913	0.4929	0.1751	0.5959	0.2511	0.3139	0.5361	0.4451
E	0.0276	1.1077	0.7973	0.2866	0.7374	0.4157	0.6072	0.9168	0.4821
F	0.6839	0.8387	1.0282	2.6508	0.5556	0.1059	1.2004	0.5822	0.2438
G	0.0595	0.3517	0.6939	0.203	1.0537	0.2161	0.5012	0.9812	2.9935
H	0.0328	1.4385	0.7985	5.9568	1.4665	1.236	3.4324	1.5526	0.8464
I	9.5831	1.5961	2.3664	1.236	0.8063	0.2506	1.0858	0.9874	0.3393
K	0.0329	1.6684	0.8841	1.9662	2.5914	6.5798	2.3012	1.5323	0.2865
L	2.4961	0.8504	0.917	1.0221	0.5359	0.1054	1.4886	1.0968	0.1912
M	1.3205	0.5381	1.1021	1.221	0.793	0.1396	0.5881	0.5227	0.37
N	0.0354	1.0123	0.8726	1.0081	1.5154	0.4178	1.6179	0.8925	0.8919
P	0.0858	0.0588	1.027	0.0433	1.353	0.2776	0.5379	1.3067	0.4117
Q	0.031	1.22	0.8557	0.8478	1.2805	0.5132	1.2933	1.0777	2.6934
R	0.0314	1.7111	0.7933	1.2447	1.2146	5.5611	1.5759	1.4316	0.252
S	0.0326	0.7139	0.7946	0.2866	0.7895	0.3474	0.3257	0.7486	2.1807
T	0.1249	1.1123	0.8502	0.4719	1.2522	0.7792	0.3858	0.86	0.6729
V	3.9692	1.9205	1.417	0.9976	0.7964	0.3823	0.6974	0.9869	0.4655
W	0.1561	0.5426	0.5216	2.9564	0.8048	0.2027	1.0116	0.306	0.0943
Y	0.086	1.1385	1.73	2.4459	0.8225	0.1472	1.7587	1.066	0.1875

pepL	alpha	w_s
12	99.5307	0.083	0.1488	0	0.3949	0.3733
13	98.9574	0.0263	0.0764	0.2382	0.4675	0.1916
14	98.3293	0.0043	0.0259	0.161	0	0.4702	0.2976	0.0409
15	98.0138	0.0017	0.0096	0.0839	0.3761	0.4093	0.0998	0.0197
16	98.2233	8e-04	0.0022	0.03	0.2337	0	0.522	0.1562	0.0472	0.0079
17	98.7349	8e-04	0.0019	0.0146	0.1152	0.4294	0.2806	0.114	0.0362	0.0072
18	99.2174	5e-04	0.0013	0.0066	0.0433	0.2908	0	0.3312	0.218	0.0767	0.0267	0.005
19	99.5134	0.001	0.0012	0.0074	0.029	0.145	0.2323	0.2917	0.1843	0.0762	0.0263	0.0055
20	99.6911	0.001	0.0012	0.0048	0.0176	0.0704	0.1449	0	0.2809	0.2453	0.1596	0.0505	0.0192	0.0045
21	99.7886	0.0013	0.002	0.0054	0.0189	0.0569	0.1038	0.1384	0.2552	0.2215	0.1327	0.043	0.0166	0.0041
