Allele	DRB1_11_05
Version	2.0.2
Type	Standard
n_specificities	2
npep_u	0.964	0.036
npep_t	5000	5000
spec_ids	1	2
L_core	9
L_N	0
L_C	0
CS_perL	1
pepL_lower	12
pepL_upper	21
n_diff_aa	20

PWM_norm.1	P1	P2	P3	P4	P5	P6	P7	P8	P9
A	0.1029	1.0134	1.4772	0.9438	0.9053	0.5965	1.8082	1.1907	2.862
C	0.0559	0.1235	0.3719	0.2191	0.174	0.0684	0.0862	0.1031	0.2794
D	0.0374	0.5913	0.5436	0.3487	0.9436	0.3057	0.3657	0.5361	0.4451
E	0.0624	1.1077	0.7194	0.6584	0.7369	0.4841	0.7903	0.9168	0.4821
F	8.1933	0.8387	1.1623	1.4677	0.5957	0.1291	0.6481	0.5822	0.2438
G	0.0694	0.3517	0.7002	0.1328	0.8292	0.2827	1.4466	0.9812	2.9935
H	0.1308	1.4385	1.1218	0.338	1.2122	2.8631	1.1119	1.5526	0.8464
I	3.0425	1.5961	2.0671	2.9522	0.8828	0.2498	1.2104	0.9874	0.3393
K	0.0618	1.6684	0.9718	0.5099	2.3412	6.4927	1.4133	1.5323	0.2865
L	1.4376	0.8504	0.8722	3.203	0.4518	0.0963	1.5938	1.0968	0.1912
M	0.9853	0.5381	1.1385	2.9392	0.776	0.322	0.8211	0.5227	0.37
N	0.0742	1.0123	0.8187	0.5554	1.6535	0.553	0.9414	0.8925	0.8919
P	0.044	0.0588	0.9684	0.0391	0.9314	0.641	1.1122	1.3067	0.4117
Q	0.0574	1.22	1.03	0.573	1.1909	0.6971	0.8347	1.0777	2.6934
R	0.0413	1.7111	0.8776	0.2065	1.3555	3.7332	1.0875	1.4316	0.252
S	0.0464	0.7139	0.723	0.3014	0.9833	0.3268	0.5125	0.7486	2.1807
T	0.0914	1.1123	0.9868	0.489	1.2578	0.6876	0.3968	0.86	0.6729
V	1.0453	1.9205	1.3133	1.9327	0.9707	0.5331	0.7074	0.9869	0.4655
W	4.6078	0.5426	0.8456	0.2808	0.5173	0.1223	0.4404	0.306	0.0943
Y	9.5386	1.1385	1.7408	0.9843	0.9763	0.213	0.9626	1.066	0.1875

PWM_norm.2	P1	P2	P3	P4	P5	P6	P7	P8	P9
A	0.0843	0.9936	1.4147	0.8879	1.0705	1.6302	2.2536	1.1951	3.1835
C	0.0486	0.0945	0.4015	0.2402	0.2441	0.1759	0.0823	0.1062	0.27
D	0.037	0.4813	0.5033	0.2329	1.034	0.7821	0.3228	0.539	0.3862
E	0.0587	1.0947	0.7337	0.6957	0.8485	0.8361	0.6679	0.9225	0.4176
F	8.2403	0.7352	1.1741	1.734	0.5466	0.2507	0.9449	0.5844	0.1861
G	0.0639	0.3281	0.6783	0.2231	0.8031	0.603	1.754	0.9253	2.7911
H	0.1242	1.4588	1.1208	0.7466	1.275	1.3627	1.3682	1.5869	0.7515
I	2.8962	1.5921	2.0138	2.1481	0.9176	1.0702	1.0828	0.9346	0.2964
K	0.0582	1.7773	0.9447	1.7655	1.9363	1.1719	1.1356	1.5293	0.2503
L	1.4688	0.8912	0.8822	2.2452	0.5032	0.4404	1.4939	1.112	0.1877
M	0.8495	0.5093	1.0193	2.7776	0.7918	0.4857	0.8078	0.5312	0.351
N	0.0682	1.0167	0.8577	0.578	1.3431	1.1579	0.7831	0.8852	0.8019
P	0.0367	0.0493	0.9416	0.0936	1.1653	1.2586	0.8653	1.3168	0.3691
Q	0.0489	1.1977	1.0437	0.7849	1.0913	1.9948	0.7422	1.0956	2.844
R	0.0383	1.7939	0.8791	0.8211	1.273	0.7415	1.0591	1.4347	0.2302
S	0.0406	0.6901	0.7504	0.341	0.9333	0.7866	0.4788	0.7579	2.3152
T	0.0729	1.1147	1.0236	0.4885	1.1546	2.0385	0.5284	0.8586	0.6378
V	0.9998	2.0186	1.357	1.4363	1.0323	1.4942	0.7534	0.9959	0.4353
W	4.5103	0.377	0.9014	0.7847	0.5645	0.189	0.3569	0.3188	0.0656
Y	10.0648	1.0725	1.8585	1.4402	1.1396	0.2127	0.8045	1.0555	0.2079

pepL	alpha	w_s
12	99.5307	0.083	0.1488	0	0.3949	0.3733	0.083	0.1488	0	0.3949	0.3733
13	98.9574	0.0263	0.0764	0.2382	0.4675	0.1916	0.0263	0.0764	0.2382	0.4675	0.1916
14	98.3293	0.0043	0.0259	0.161	0	0.4702	0.2976	0.0409	0.0043	0.0259	0.161	0	0.4702	0.2976	0.0409
15	98.0138	0.0017	0.0096	0.0839	0.3761	0.4093	0.0998	0.0197	0.0017	0.0096	0.0839	0.3761	0.4093	0.0998	0.0197
16	98.2233	8e-04	0.0022	0.03	0.2337	0	0.522	0.1562	0.0472	0.0079	8e-04	0.0022	0.03	0.2337	0	0.522	0.1562	0.0472	0.0079
17	98.7349	8e-04	0.0019	0.0146	0.1152	0.4294	0.2806	0.114	0.0362	0.0072	8e-04	0.0019	0.0146	0.1152	0.4294	0.2806	0.114	0.0362	0.0072
18	99.2174	5e-04	0.0013	0.0066	0.0433	0.2908	0	0.3312	0.218	0.0767	0.0267	0.005	5e-04	0.0013	0.0066	0.0433	0.2908	0	0.3312	0.218	0.0767	0.0267	0.005
19	99.5134	0.001	0.0012	0.0074	0.029	0.145	0.2323	0.2917	0.1843	0.0762	0.0263	0.0055	0.001	0.0012	0.0074	0.029	0.145	0.2323	0.2917	0.1843	0.0762	0.0263	0.0055
20	99.6911	0.001	0.0012	0.0048	0.0176	0.0704	0.1449	0	0.2809	0.2453	0.1596	0.0505	0.0192	0.0045	0.001	0.0012	0.0048	0.0176	0.0704	0.1449	0	0.2809	0.2453	0.1596	0.0505	0.0192	0.0045
21	99.7886	0.0013	0.002	0.0054	0.0189	0.0569	0.1038	0.1384	0.2552	0.2215	0.1327	0.043	0.0166	0.0041	0.0013	0.002	0.0054	0.0189	0.0569	0.1038	0.1384	0.2552	0.2215	0.1327	0.043	0.0166	0.0041
