Allele	DRB1_12_10
Version	2.0.2
Type	Standard
n_specificities	1
npep_u	1
npep_t	5000
spec_ids	1
L_core	9
L_N	0
L_C	0
CS_perL	1
pepL_lower	12
pepL_upper	21
n_diff_aa	20

PWM_norm.1	P1	P2	P3	P4	P5	P6	P7	P8	P9
A	0.1605	1.0134	1.4772	0.3339	0.9141	2.1345	0.6198	1.0497	0.4377
C	0.0594	0.1235	0.3719	0.0796	0.2434	0.284	0.1316	0.1463	0.1212
D	0.0321	0.5913	0.5436	0.0687	0.9374	0.4051	0.3591	0.6212	0.4641
E	0.0276	1.1077	0.7194	0.2461	0.8915	0.883	0.9497	0.7709	0.4031
F	0.6839	0.8387	1.1623	0.7726	0.3677	0.8089	1.2522	0.7075	5.5259
G	0.0595	0.3517	0.7002	0.0618	0.6749	1.2053	0.6019	0.9215	0.1965
H	0.0328	1.4385	1.1218	0.2548	1.5836	1.0775	2.7879	0.9564	0.3672
I	9.5831	1.5961	2.0671	2.1585	0.7946	0.6707	1.064	1.0167	2.1755
K	0.0329	1.6684	0.9718	0.2559	2.5532	0.6802	1.6594	1.6	0.2036
L	2.4961	0.8504	0.8722	6.284	0.3628	0.3541	1.428	0.8835	0.7271
M	1.3205	0.5381	1.1385	2.1168	0.5878	0.9538	0.7265	0.533	3.2243
N	0.0354	1.0123	0.8187	0.3433	1.6511	2.3163	1.9037	1.0779	0.3157
P	0.0858	0.0588	0.9684	0.0182	1.453	0.6697	0.9017	1.5533	0.146
Q	0.031	1.22	1.03	0.6954	1	2.4052	1.2449	0.8283	0.3679
R	0.0314	1.7111	0.8776	0.0993	1.3954	0.6482	1.1894	1.492	0.274
S	0.0326	0.7139	0.723	0.1089	0.8191	1.2533	0.4155	0.9957	0.197
T	0.1249	1.1123	0.9868	0.1625	1.2716	0.9797	0.4088	1.0871	0.3656
V	3.9692	1.9205	1.3133	0.8305	0.9555	0.6853	0.7641	0.9827	1.7257
W	0.1561	0.5426	0.8456	0.1307	0.3877	0.6486	0.7159	0.3088	0.6645
Y	0.086	1.1385	1.7408	0.8126	0.5802	0.6838	1.9173	1.0281	9.4352

pepL	alpha	w_s
12	99.5307	0.083	0.1488	0	0.3949	0.3733
13	98.9574	0.0263	0.0764	0.2382	0.4675	0.1916
14	98.3293	0.0043	0.0259	0.161	0	0.4702	0.2976	0.0409
15	98.0138	0.0017	0.0096	0.0839	0.3761	0.4093	0.0998	0.0197
16	98.2233	8e-04	0.0022	0.03	0.2337	0	0.522	0.1562	0.0472	0.0079
17	98.7349	8e-04	0.0019	0.0146	0.1152	0.4294	0.2806	0.114	0.0362	0.0072
18	99.2174	5e-04	0.0013	0.0066	0.0433	0.2908	0	0.3312	0.218	0.0767	0.0267	0.005
19	99.5134	0.001	0.0012	0.0074	0.029	0.145	0.2323	0.2917	0.1843	0.0762	0.0263	0.0055
20	99.6911	0.001	0.0012	0.0048	0.0176	0.0704	0.1449	0	0.2809	0.2453	0.1596	0.0505	0.0192	0.0045
21	99.7886	0.0013	0.002	0.0054	0.0189	0.0569	0.1038	0.1384	0.2552	0.2215	0.1327	0.043	0.0166	0.0041
