Allele	DRB1_08_18
Version	2.0.2
Type	Standard
n_specificities	2
npep_u	0.961	0.039
npep_t	5000	5000
spec_ids	1	2
L_core	9
L_N	0
L_C	0
CS_perL	1
pepL_lower	12
pepL_upper	21
n_diff_aa	20

PWM_norm.1	P1	P2	P3	P4	P5	P6	P7	P8	P9
A	0.1029	1.0134	1.4772	0.9438	0.9053	0.5965	1.2059	1.0057	0.5787
C	0.0559	0.1235	0.3719	0.2191	0.174	0.0684	0.1102	0.0866	0.0819
D	0.0374	0.5913	0.5436	0.3487	0.9436	0.3057	0.3205	0.6005	7.5248
E	0.0624	1.1077	0.7194	0.6584	0.7369	0.4841	1.2392	1.115	4.1906
F	8.1933	0.8387	1.1623	1.4677	0.5957	0.1291	0.8553	0.5643	0.1967
G	0.0694	0.3517	0.7002	0.1328	0.8292	0.2827	0.7707	0.7291	0.8455
H	0.1308	1.4385	1.1218	0.338	1.2122	2.8631	1.1165	1.1024	0.6765
I	3.0425	1.5961	2.0671	2.9522	0.8828	0.2498	1.112	1.1892	0.2648
K	0.0618	1.6684	0.9718	0.5099	2.3412	6.4927	0.9361	1.5536	0.1558
L	1.4376	0.8504	0.8722	3.203	0.4518	0.0963	2.0284	1.3417	0.2348
M	0.9853	0.5381	1.1385	2.9392	0.776	0.322	1.0609	0.7502	0.2718
N	0.0742	1.0123	0.8187	0.5554	1.6535	0.553	1.6853	0.8146	0.6671
P	0.044	0.0588	0.9684	0.0391	0.9314	0.641	0.779	1.2619	0.1702
Q	0.0574	1.22	1.03	0.573	1.1909	0.6971	1.1164	1.2445	0.8258
R	0.0413	1.7111	0.8776	0.2065	1.3555	3.7332	0.5902	1.2023	0.1102
S	0.0464	0.7139	0.723	0.3014	0.9833	0.3268	0.5851	0.6436	0.4831
T	0.0914	1.1123	0.9868	0.489	1.2578	0.6876	0.4288	0.8141	0.3221
V	1.0453	1.9205	1.3133	1.9327	0.9707	0.5331	1.1124	1.1169	0.3385
W	4.6078	0.5426	0.8456	0.2808	0.5173	0.1223	0.5855	0.311	0.0758
Y	9.5386	1.1385	1.7408	0.9843	0.9763	0.213	1.2014	1.0434	0.1359

PWM_norm.2	P1	P2	P3	P4	P5	P6	P7	P8	P9
A	0.0843	0.9936	1.4147	0.8879	1.0705	1.6302	1.3113	1.0339	0.5312
C	0.0486	0.0945	0.4015	0.2402	0.2441	0.1759	0.1187	0.0903	0.1058
D	0.037	0.4813	0.5033	0.2329	1.034	0.7821	0.3142	0.6336	7.519
E	0.0587	1.0947	0.7337	0.6957	0.8485	0.8361	1.2523	1.0999	4.1011
F	8.2403	0.7352	1.1741	1.734	0.5466	0.2507	1.0339	0.5408	0.2117
G	0.0639	0.3281	0.6783	0.2231	0.8031	0.603	0.8337	0.7517	0.7692
H	0.1242	1.4588	1.1208	0.7466	1.275	1.3627	1.2114	1.0666	0.629
I	2.8962	1.5921	2.0138	2.1481	0.9176	1.0702	1.1007	1.0811	0.3018
K	0.0582	1.7773	0.9447	1.7655	1.9363	1.1719	0.7885	1.5346	0.1733
L	1.4688	0.8912	0.8822	2.2452	0.5032	0.4404	1.9048	1.2941	0.274
M	0.8495	0.5093	1.0193	2.7776	0.7918	0.4857	1.0612	0.6847	0.2448
N	0.0682	1.0167	0.8577	0.578	1.3431	1.1579	1.6839	0.8386	0.6106
P	0.0367	0.0493	0.9416	0.0936	1.1653	1.2586	0.842	1.3287	0.1583
Q	0.0489	1.1977	1.0437	0.7849	1.0913	1.9948	1.1007	1.2162	0.8667
R	0.0383	1.7939	0.8791	0.8211	1.273	0.7415	0.5434	1.1573	0.1096
S	0.0406	0.6901	0.7504	0.341	0.9333	0.7866	0.5175	0.6923	0.4927
T	0.0729	1.1147	1.0236	0.4885	1.1546	2.0385	0.4965	0.7743	0.3681
V	0.9998	2.0186	1.357	1.4363	1.0323	1.4942	1.2139	1.2583	0.4257
W	4.5103	0.377	0.9014	0.7847	0.5645	0.189	0.5234	0.3509	0.1052
Y	10.0648	1.0725	1.8585	1.4402	1.1396	0.2127	1.0565	0.9497	0.1832

pepL	alpha	w_s
12	99.5307	0.083	0.1488	0	0.3949	0.3733	0.083	0.1488	0	0.3949	0.3733
13	98.9574	0.0263	0.0764	0.2382	0.4675	0.1916	0.0263	0.0764	0.2382	0.4675	0.1916
14	98.3293	0.0043	0.0259	0.161	0	0.4702	0.2976	0.0409	0.0043	0.0259	0.161	0	0.4702	0.2976	0.0409
15	98.0138	0.0017	0.0096	0.0839	0.3761	0.4093	0.0998	0.0197	0.0017	0.0096	0.0839	0.3761	0.4093	0.0998	0.0197
16	98.2233	8e-04	0.0022	0.03	0.2337	0	0.522	0.1562	0.0472	0.0079	8e-04	0.0022	0.03	0.2337	0	0.522	0.1562	0.0472	0.0079
17	98.7349	8e-04	0.0019	0.0146	0.1152	0.4294	0.2806	0.114	0.0362	0.0072	8e-04	0.0019	0.0146	0.1152	0.4294	0.2806	0.114	0.0362	0.0072
18	99.2174	5e-04	0.0013	0.0066	0.0433	0.2908	0	0.3312	0.218	0.0767	0.0267	0.005	5e-04	0.0013	0.0066	0.0433	0.2908	0	0.3312	0.218	0.0767	0.0267	0.005
19	99.5134	0.001	0.0012	0.0074	0.029	0.145	0.2323	0.2917	0.1843	0.0762	0.0263	0.0055	0.001	0.0012	0.0074	0.029	0.145	0.2323	0.2917	0.1843	0.0762	0.0263	0.0055
20	99.6911	0.001	0.0012	0.0048	0.0176	0.0704	0.1449	0	0.2809	0.2453	0.1596	0.0505	0.0192	0.0045	0.001	0.0012	0.0048	0.0176	0.0704	0.1449	0	0.2809	0.2453	0.1596	0.0505	0.0192	0.0045
21	99.7886	0.0013	0.002	0.0054	0.0189	0.0569	0.1038	0.1384	0.2552	0.2215	0.1327	0.043	0.0166	0.0041	0.0013	0.002	0.0054	0.0189	0.0569	0.1038	0.1384	0.2552	0.2215	0.1327	0.043	0.0166	0.0041
