Allele	DRB1_14_06
Version	2.0.2
Type	Standard
n_specificities	1
npep_u	1
npep_t	5000
spec_ids	1
L_core	9
L_N	0
L_C	0
CS_perL	1
pepL_lower	12
pepL_upper	21
n_diff_aa	20

PWM_norm.1	P1	P2	P3	P4	P5	P6	P7	P8	P9
A	0.1572	1.0134	1.5913	1.0524	1.0045	0.6789	1.0052	1.1907	0.6988
C	0.0769	0.1235	0.2718	0.3076	0.1828	0.1148	0.1224	0.1031	0.269
D	0.0463	0.5913	0.4929	0.2754	1.2852	0.1994	0.5235	0.5361	0.2339
E	0.0356	1.1077	0.7973	0.6984	1.1118	0.4191	1.3535	0.9168	0.5399
F	1.3114	0.8387	1.0282	1.1933	0.525	0.4708	0.387	0.5822	1.5199
G	0.0913	0.3517	0.6939	0.2089	0.7743	0.4476	1.1449	0.9812	0.5737
H	0.0556	1.4385	0.7985	0.5356	1.4735	2.7724	0.773	1.5526	0.4924
I	8.8846	1.5961	2.3664	2.615	0.8115	0.961	1.1627	0.9874	0.6987
K	0.046	1.6684	0.8841	0.3729	1.7631	3.1381	0.7342	1.5323	1.607
L	2.7486	0.8504	0.917	2.6052	0.4362	0.3894	1.1875	1.0968	0.7971
M	1.5087	0.5381	1.1021	2.2761	0.5395	0.4909	0.7294	0.5227	1.5247
N	0.0579	1.0123	0.8726	2.0095	1.399	1.0277	3.2172	0.8925	0.4253
P	0.0858	0.0588	1.027	0.0522	1.5315	0.8569	0.5014	1.3067	0.0988
Q	0.0423	1.22	0.8557	1.0371	1.2417	0.9936	1.8998	1.0777	0.5586
R	0.0456	1.7111	0.7933	0.192	1.0736	3.8976	0.4215	1.4316	5.0972
S	0.0422	0.7139	0.7946	0.5108	1.0073	0.3738	0.7985	0.7486	0.4453
T	0.1628	1.1123	0.8502	0.571	1.2413	1.0546	0.861	0.86	0.4023
V	3.3713	1.9205	1.417	1.7932	0.7005	1.0196	1.1477	0.9869	0.8838
W	0.3518	0.5426	0.5216	0.4016	0.4254	0.2554	0.3815	0.306	0.3086
Y	0.1942	1.1385	1.73	0.8666	0.7046	0.3465	0.7902	1.066	3.9837

pepL	alpha	w_s
12	99.5307	0.083	0.1488	0	0.3949	0.3733
13	98.9574	0.0263	0.0764	0.2382	0.4675	0.1916
14	98.3293	0.0043	0.0259	0.161	0	0.4702	0.2976	0.0409
15	98.0138	0.0017	0.0096	0.0839	0.3761	0.4093	0.0998	0.0197
16	98.2233	8e-04	0.0022	0.03	0.2337	0	0.522	0.1562	0.0472	0.0079
17	98.7349	8e-04	0.0019	0.0146	0.1152	0.4294	0.2806	0.114	0.0362	0.0072
18	99.2174	5e-04	0.0013	0.0066	0.0433	0.2908	0	0.3312	0.218	0.0767	0.0267	0.005
19	99.5134	0.001	0.0012	0.0074	0.029	0.145	0.2323	0.2917	0.1843	0.0762	0.0263	0.0055
20	99.6911	0.001	0.0012	0.0048	0.0176	0.0704	0.1449	0	0.2809	0.2453	0.1596	0.0505	0.0192	0.0045
21	99.7886	0.0013	0.002	0.0054	0.0189	0.0569	0.1038	0.1384	0.2552	0.2215	0.1327	0.043	0.0166	0.0041
