Allele	DRB1_11_13
Version	2.0.2
Type	Standard
n_specificities	1
npep_u	1
npep_t	5000
spec_ids	1
L_core	9
L_N	0
L_C	0
CS_perL	1
pepL_lower	12
pepL_upper	21
n_diff_aa	20

PWM_norm.1	P1	P2	P3	P4	P5	P6	P7	P8	P9
A	0.1572	1.0134	1.5913	1.2752	0.9481	0.257	1.1877	1.1907	1.0526
C	0.0769	0.1235	0.2718	0.3893	0.1314	0.0274	0.1653	0.1031	0.5909
D	0.0463	0.5913	0.4929	0.3681	1.7504	0.1246	0.6606	0.5361	0.1743
E	0.0356	1.1077	0.7973	0.784	1.3001	0.2656	1.4089	0.9168	0.1979
F	1.3114	0.8387	1.0282	1.2004	0.5216	0.0455	0.5569	0.5822	1.5719
G	0.0913	0.3517	0.6939	0.1286	0.7644	0.1343	1.1201	0.9812	0.4105
H	0.0556	1.4385	0.7985	0.3602	0.9845	1.6108	0.7638	1.5526	0.2948
I	8.8846	1.5961	2.3664	3.5459	0.8883	0.1237	1.1516	0.9874	2.1254
K	0.046	1.6684	0.8841	0.1841	1.7101	6.4339	0.7917	1.5323	0.2018
L	2.7486	0.8504	0.917	2.1146	0.3513	0.0457	1.6547	1.0968	2.3486
M	1.5087	0.5381	1.1021	2.0429	0.4991	0.0731	1.1089	0.5227	1.5085
N	0.0579	1.0123	0.8726	1.2074	1.3456	0.3126	1.8564	0.8925	0.7315
P	0.0858	0.0588	1.027	0.0365	1.225	0.2287	0.3459	1.3067	0.1388
Q	0.0423	1.22	0.8557	0.586	1.0844	0.3026	1.1193	1.0777	0.497
R	0.0456	1.7111	0.7933	0.088	1.1235	7.346	0.4355	1.4316	0.3678
S	0.0422	0.7139	0.7946	0.8057	1.0781	0.2008	0.8803	0.7486	0.6219
T	0.1628	1.1123	0.8502	0.8033	1.3696	0.5743	0.7573	0.86	0.8432
V	3.3713	1.9205	1.417	2.4705	0.6966	0.2692	1.1683	0.9869	3.1266
W	0.3518	0.5426	0.5216	0.215	0.3968	0.0507	0.3121	0.306	0.247
Y	0.1942	1.1385	1.73	0.367	0.8963	0.0698	1.1145	1.066	2.4619

pepL	alpha	w_s
12	99.5307	0.083	0.1488	0	0.3949	0.3733
13	98.9574	0.0263	0.0764	0.2382	0.4675	0.1916
14	98.3293	0.0043	0.0259	0.161	0	0.4702	0.2976	0.0409
15	98.0138	0.0017	0.0096	0.0839	0.3761	0.4093	0.0998	0.0197
16	98.2233	8e-04	0.0022	0.03	0.2337	0	0.522	0.1562	0.0472	0.0079
17	98.7349	8e-04	0.0019	0.0146	0.1152	0.4294	0.2806	0.114	0.0362	0.0072
18	99.2174	5e-04	0.0013	0.0066	0.0433	0.2908	0	0.3312	0.218	0.0767	0.0267	0.005
19	99.5134	0.001	0.0012	0.0074	0.029	0.145	0.2323	0.2917	0.1843	0.0762	0.0263	0.0055
20	99.6911	0.001	0.0012	0.0048	0.0176	0.0704	0.1449	0	0.2809	0.2453	0.1596	0.0505	0.0192	0.0045
21	99.7886	0.0013	0.002	0.0054	0.0189	0.0569	0.1038	0.1384	0.2552	0.2215	0.1327	0.043	0.0166	0.0041
