Allele	DRB1_08_09
Version	2.0.2
Type	Standard
n_specificities	2
npep_u	0.704	0.296
npep_t	5000	5000
spec_ids	1	2
L_core	9
L_N	0
L_C	0
CS_perL	1
pepL_lower	12
pepL_upper	21
n_diff_aa	20

PWM_norm.1	P1	P2	P3	P4	P5	P6	P7	P8	P9
A	0.1029	1.0134	1.6437	1.8873	0.8135	0.5965	2.0276	1.1907	1.0526
C	0.0559	0.1235	0.1911	0.2279	0.1173	0.0684	0.0956	0.1031	0.5909
D	0.0374	0.5913	0.9136	0.8895	0.961	0.3057	0.3837	0.5361	0.1743
E	0.0624	1.1077	0.7186	0.5108	0.7409	0.4841	0.7906	0.9168	0.1979
F	8.1933	0.8387	0.8363	1.0635	0.6779	0.1291	0.5224	0.5822	1.5719
G	0.0694	0.3517	0.7039	0.274	0.8123	0.2827	1.5096	0.9812	0.4105
H	0.1308	1.4385	1.042	0.2133	1.0706	2.8631	0.8582	1.5526	0.2948
I	3.0425	1.5961	1.8049	1.9822	0.8482	0.2498	1.167	0.9874	2.1254
K	0.0618	1.6684	1.0692	0.8537	2.468	6.4927	1.3527	1.5323	0.2018
L	1.4376	0.8504	0.8649	2.2813	0.479	0.0963	1.1506	1.0968	2.3486
M	0.9853	0.5381	1.0645	1.6796	0.6852	0.322	0.7668	0.5227	1.5085
N	0.0742	1.0123	0.6118	0.6432	1.8944	0.553	1.0535	0.8925	0.7315
P	0.044	0.0588	1.0937	0.088	0.7179	0.641	1.6619	1.3067	0.1388
Q	0.0574	1.22	1.0566	0.2663	1.2442	0.6971	0.9282	1.0777	0.497
R	0.0413	1.7111	0.8631	0.3898	1.3719	3.7332	0.844	1.4316	0.3678
S	0.0464	0.7139	0.7172	0.4309	1.0635	0.3268	0.6292	0.7486	0.6219
T	0.0914	1.1123	1.0518	0.7057	1.2763	0.6876	0.4387	0.86	0.8432
V	1.0453	1.9205	1.3824	2.7222	0.9529	0.5331	0.7322	0.9869	3.1266
W	4.6078	0.5426	0.3476	0.1466	0.3296	0.1223	0.411	0.306	0.247
Y	9.5386	1.1385	1.5139	0.8872	0.9288	0.213	0.8866	1.066	2.4619

PWM_norm.2	P1	P2	P3	P4	P5	P6	P7	P8	P9
A	0.0843	0.9936	1.5409	0.9149	1.1343	1.6302	3.0376	1.1951	1.0589
C	0.0486	0.0945	0.1789	0.0839	0.149	0.1759	0.0862	0.1062	0.547
D	0.037	0.4813	0.62	0.157	0.9921	0.7821	0.2514	0.539	0.1806
E	0.0587	1.0947	0.6863	0.2985	0.9834	0.8361	0.5669	0.9225	0.215
F	8.2403	0.7352	0.7839	0.8913	0.4976	0.2507	0.9255	0.5844	1.9152
G	0.0639	0.3281	0.9194	0.3181	0.7523	0.603	2.022	0.9253	0.4345
H	0.1242	1.4588	1.0987	0.286	1.1265	1.3627	1.0864	1.5869	0.3557
I	2.8962	1.5921	1.2433	0.4619	0.9299	1.0702	1.0346	0.9346	1.887
K	0.0582	1.7773	0.8531	7.0905	1.6978	1.1719	0.7604	1.5293	0.2292
L	1.4688	0.8912	0.8137	0.6221	0.5974	0.4404	1.0425	1.112	2.2053
M	0.8495	0.5093	0.8937	0.742	0.682	0.4857	0.7656	0.5312	1.5902
N	0.0682	1.0167	0.766	0.3237	1.2345	1.1579	0.7823	0.8852	0.6685
P	0.0367	0.0493	1.5988	0.1159	1.3271	1.2586	1.3585	1.3168	0.1215
Q	0.0489	1.1977	1.2366	0.2852	1.0519	1.9948	0.6636	1.0956	0.587
R	0.0383	1.7939	0.9516	2.9549	1.2571	0.7415	0.7084	1.4347	0.4028
S	0.0406	0.6901	0.9933	0.3709	0.9183	0.7866	0.511	0.7579	0.6226
T	0.0729	1.1147	0.9073	0.461	1.0109	2.0385	0.6409	0.8586	0.8256
V	0.9998	2.0186	1.013	0.9225	1.1987	1.4942	0.8835	0.9959	2.925
W	4.5103	0.377	0.4428	0.2787	0.2647	0.189	0.2786	0.3188	0.2597
Y	10.0648	1.0725	1.9147	0.9478	1.3085	0.2127	0.5218	1.0555	3.0237

pepL	alpha	w_s
12	99.5307	0.083	0.1488	0	0.3949	0.3733	0.083	0.1488	0	0.3949	0.3733
13	98.9574	0.0263	0.0764	0.2382	0.4675	0.1916	0.0263	0.0764	0.2382	0.4675	0.1916
14	98.3293	0.0043	0.0259	0.161	0	0.4702	0.2976	0.0409	0.0043	0.0259	0.161	0	0.4702	0.2976	0.0409
15	98.0138	0.0017	0.0096	0.0839	0.3761	0.4093	0.0998	0.0197	0.0017	0.0096	0.0839	0.3761	0.4093	0.0998	0.0197
16	98.2233	8e-04	0.0022	0.03	0.2337	0	0.522	0.1562	0.0472	0.0079	8e-04	0.0022	0.03	0.2337	0	0.522	0.1562	0.0472	0.0079
17	98.7349	8e-04	0.0019	0.0146	0.1152	0.4294	0.2806	0.114	0.0362	0.0072	8e-04	0.0019	0.0146	0.1152	0.4294	0.2806	0.114	0.0362	0.0072
18	99.2174	5e-04	0.0013	0.0066	0.0433	0.2908	0	0.3312	0.218	0.0767	0.0267	0.005	5e-04	0.0013	0.0066	0.0433	0.2908	0	0.3312	0.218	0.0767	0.0267	0.005
19	99.5134	0.001	0.0012	0.0074	0.029	0.145	0.2323	0.2917	0.1843	0.0762	0.0263	0.0055	0.001	0.0012	0.0074	0.029	0.145	0.2323	0.2917	0.1843	0.0762	0.0263	0.0055
20	99.6911	0.001	0.0012	0.0048	0.0176	0.0704	0.1449	0	0.2809	0.2453	0.1596	0.0505	0.0192	0.0045	0.001	0.0012	0.0048	0.0176	0.0704	0.1449	0	0.2809	0.2453	0.1596	0.0505	0.0192	0.0045
21	99.7886	0.0013	0.002	0.0054	0.0189	0.0569	0.1038	0.1384	0.2552	0.2215	0.1327	0.043	0.0166	0.0041	0.0013	0.002	0.0054	0.0189	0.0569	0.1038	0.1384	0.2552	0.2215	0.1327	0.043	0.0166	0.0041
