Allele	DRB1_01_13
Version	2.0.2
Type	Standard
n_specificities	1
npep_u	1
npep_t	5000
spec_ids	1
L_core	9
L_N	0
L_C	0
CS_perL	1
pepL_lower	12
pepL_upper	21
n_diff_aa	20

PWM_norm.1	P1	P2	P3	P4	P5	P6	P7	P8	P9
A	0.1029	1.0134	1.9057	1.9226	1.1354	4.9965	1.5761	1.1907	2.3763
C	0.0559	0.1235	0.658	0.3611	0.2024	0.1377	0.2106	0.1031	0.7404
D	0.0374	0.5913	0.3418	0.2854	1.0002	0.2213	0.4908	0.5361	0.1701
E	0.0624	1.1077	0.7133	1.7386	1.0637	0.2163	1.2082	0.9168	0.2289
F	8.1933	0.8387	0.9563	0.676	0.4883	0.0588	0.7449	0.5822	0.413
G	0.0694	0.3517	0.6814	0.4796	0.6661	2.8478	0.6947	0.9812	0.7827
H	0.1308	1.4385	1.1924	0.2562	1.525	0.0744	1.2429	1.5526	0.2212
I	3.0425	1.5961	1.7619	1.7514	0.8594	0.1771	1.2976	0.9874	2.3173
K	0.0618	1.6684	0.9944	0.1995	1.696	0.0444	0.7177	1.5323	0.2282
L	1.4376	0.8504	0.8757	2.3842	0.4386	0.0465	0.7491	1.0968	2.4042
M	0.9853	0.5381	1.1191	3.3897	0.7617	0.0525	0.6752	0.5227	0.7391
N	0.0742	1.0123	0.7085	0.7012	1.2201	0.8326	2.2325	0.8925	0.4555
P	0.044	0.0588	0.9536	0.0514	1.3045	1.9449	0.9386	1.3067	0.142
Q	0.0574	1.22	1.0333	1.3789	1.2955	0.1345	1.649	1.0777	0.3051
R	0.0413	1.7111	1.0869	0.1899	1.2259	0.0337	0.6721	1.4316	0.5108
S	0.0464	0.7139	1.0631	0.588	1.0129	2.0224	0.7099	0.7486	0.6086
T	0.0914	1.1123	0.6592	0.5256	1.4055	0.8559	0.9463	0.86	0.8814
V	1.0453	1.9205	1.0714	1.0972	0.9345	0.6616	1.447	0.9869	3.0267
W	4.6078	0.5426	0.5888	0.3731	0.3023	0.0192	0.8628	0.306	0.0879
Y	9.5386	1.1385	1.4687	0.2913	0.6683	0.0452	0.7548	1.066	0.2128

pepL	alpha	w_s
12	99.5307	0.083	0.1488	0	0.3949	0.3733
13	98.9574	0.0263	0.0764	0.2382	0.4675	0.1916
14	98.3293	0.0043	0.0259	0.161	0	0.4702	0.2976	0.0409
15	98.0138	0.0017	0.0096	0.0839	0.3761	0.4093	0.0998	0.0197
16	98.2233	8e-04	0.0022	0.03	0.2337	0	0.522	0.1562	0.0472	0.0079
17	98.7349	8e-04	0.0019	0.0146	0.1152	0.4294	0.2806	0.114	0.0362	0.0072
18	99.2174	5e-04	0.0013	0.0066	0.0433	0.2908	0	0.3312	0.218	0.0767	0.0267	0.005
19	99.5134	0.001	0.0012	0.0074	0.029	0.145	0.2323	0.2917	0.1843	0.0762	0.0263	0.0055
20	99.6911	0.001	0.0012	0.0048	0.0176	0.0704	0.1449	0	0.2809	0.2453	0.1596	0.0505	0.0192	0.0045
21	99.7886	0.0013	0.002	0.0054	0.0189	0.0569	0.1038	0.1384	0.2552	0.2215	0.1327	0.043	0.0166	0.0041
