Allele	DRB1_08_35
Version	2.0.2
Type	Standard
n_specificities	2
npep_u	0.819	0.181
npep_t	5000	5000
spec_ids	1	2
L_core	9
L_N	0
L_C	0
CS_perL	1
pepL_lower	12
pepL_upper	21
n_diff_aa	20

PWM_norm.1	P1	P2	P3	P4	P5	P6	P7	P8	P9
A	0.1029	1.0134	1.6437	1.8873	0.8135	0.5965	1.2059	1.0057	0.6908
C	0.0559	0.1235	0.1911	0.2279	0.1173	0.0684	0.1102	0.0866	0.2985
D	0.0374	0.5913	0.9136	0.8895	0.961	0.3057	0.3205	0.6005	1.7721
E	0.0624	1.1077	0.7186	0.5108	0.7409	0.4841	1.2392	1.115	1.2719
F	8.1933	0.8387	0.8363	1.0635	0.6779	0.1291	0.8553	0.5643	1.338
G	0.0694	0.3517	0.7039	0.274	0.8123	0.2827	0.7707	0.7291	0.3553
H	0.1308	1.4385	1.042	0.2133	1.0706	2.8631	1.1165	1.1024	0.4247
I	3.0425	1.5961	1.8049	1.9822	0.8482	0.2498	1.112	1.1892	2.3898
K	0.0618	1.6684	1.0692	0.8537	2.468	6.4927	0.9361	1.5536	0.1734
L	1.4376	0.8504	0.8649	2.2813	0.479	0.0963	2.0284	1.3417	2.1385
M	0.9853	0.5381	1.0645	1.6796	0.6852	0.322	1.0609	0.7502	1.3637
N	0.0742	1.0123	0.6118	0.6432	1.8944	0.553	1.6853	0.8146	0.6821
P	0.044	0.0588	1.0937	0.088	0.7179	0.641	0.779	1.2619	0.1565
Q	0.0574	1.22	1.0566	0.2663	1.2442	0.6971	1.1164	1.2445	0.4697
R	0.0413	1.7111	0.8631	0.3898	1.3719	3.7332	0.5902	1.2023	0.2203
S	0.0464	0.7139	0.7172	0.4309	1.0635	0.3268	0.5851	0.6436	0.3597
T	0.0914	1.1123	1.0518	0.7057	1.2763	0.6876	0.4288	0.8141	0.6618
V	1.0453	1.9205	1.3824	2.7222	0.9529	0.5331	1.1124	1.1169	2.5822
W	4.6078	0.5426	0.3476	0.1466	0.3296	0.1223	0.5855	0.311	0.2863
Y	9.5386	1.1385	1.5139	0.8872	0.9288	0.213	1.2014	1.0434	1.4623

PWM_norm.2	P1	P2	P3	P4	P5	P6	P7	P8	P9
A	0.0843	0.9936	1.5409	0.9149	1.1343	1.6302	1.3113	1.0339	0.5312
C	0.0486	0.0945	0.1789	0.0839	0.149	0.1759	0.1187	0.0903	0.2968
D	0.037	0.4813	0.62	0.157	0.9921	0.7821	0.3142	0.6336	1.9059
E	0.0587	1.0947	0.6863	0.2985	0.9834	0.8361	1.2523	1.0999	1.3735
F	8.2403	0.7352	0.7839	0.8913	0.4976	0.2507	1.0339	0.5408	1.4111
G	0.0639	0.3281	0.9194	0.3181	0.7523	0.603	0.8337	0.7517	0.3425
H	0.1242	1.4588	1.0987	0.286	1.1265	1.3627	1.2114	1.0666	0.4546
I	2.8962	1.5921	1.2433	0.4619	0.9299	1.0702	1.1007	1.0811	2.4099
K	0.0582	1.7773	0.8531	7.0905	1.6978	1.1719	0.7885	1.5346	0.2209
L	1.4688	0.8912	0.8137	0.6221	0.5974	0.4404	1.9048	1.2941	1.9772
M	0.8495	0.5093	0.8937	0.742	0.682	0.4857	1.0612	0.6847	1.4241
N	0.0682	1.0167	0.766	0.3237	1.2345	1.1579	1.6839	0.8386	0.6129
P	0.0367	0.0493	1.5988	0.1159	1.3271	1.2586	0.842	1.3287	0.1039
Q	0.0489	1.1977	1.2366	0.2852	1.0519	1.9948	1.1007	1.2162	0.4458
R	0.0383	1.7939	0.9516	2.9549	1.2571	0.7415	0.5434	1.1573	0.2782
S	0.0406	0.6901	0.9933	0.3709	0.9183	0.7866	0.5175	0.6923	0.3504
T	0.0729	1.1147	0.9073	0.461	1.0109	2.0385	0.4965	0.7743	0.6853
V	0.9998	2.0186	1.013	0.9225	1.1987	1.4942	1.2139	1.2583	2.5308
W	4.5103	0.377	0.4428	0.2787	0.2647	0.189	0.5234	0.3509	0.4021
Y	10.0648	1.0725	1.9147	0.9478	1.3085	0.2127	1.0565	0.9497	1.8669

pepL	alpha	w_s
12	99.5307	0.083	0.1488	0	0.3949	0.3733	0.083	0.1488	0	0.3949	0.3733
13	98.9574	0.0263	0.0764	0.2382	0.4675	0.1916	0.0263	0.0764	0.2382	0.4675	0.1916
14	98.3293	0.0043	0.0259	0.161	0	0.4702	0.2976	0.0409	0.0043	0.0259	0.161	0	0.4702	0.2976	0.0409
15	98.0138	0.0017	0.0096	0.0839	0.3761	0.4093	0.0998	0.0197	0.0017	0.0096	0.0839	0.3761	0.4093	0.0998	0.0197
16	98.2233	8e-04	0.0022	0.03	0.2337	0	0.522	0.1562	0.0472	0.0079	8e-04	0.0022	0.03	0.2337	0	0.522	0.1562	0.0472	0.0079
17	98.7349	8e-04	0.0019	0.0146	0.1152	0.4294	0.2806	0.114	0.0362	0.0072	8e-04	0.0019	0.0146	0.1152	0.4294	0.2806	0.114	0.0362	0.0072
18	99.2174	5e-04	0.0013	0.0066	0.0433	0.2908	0	0.3312	0.218	0.0767	0.0267	0.005	5e-04	0.0013	0.0066	0.0433	0.2908	0	0.3312	0.218	0.0767	0.0267	0.005
19	99.5134	0.001	0.0012	0.0074	0.029	0.145	0.2323	0.2917	0.1843	0.0762	0.0263	0.0055	0.001	0.0012	0.0074	0.029	0.145	0.2323	0.2917	0.1843	0.0762	0.0263	0.0055
20	99.6911	0.001	0.0012	0.0048	0.0176	0.0704	0.1449	0	0.2809	0.2453	0.1596	0.0505	0.0192	0.0045	0.001	0.0012	0.0048	0.0176	0.0704	0.1449	0	0.2809	0.2453	0.1596	0.0505	0.0192	0.0045
21	99.7886	0.0013	0.002	0.0054	0.0189	0.0569	0.1038	0.1384	0.2552	0.2215	0.1327	0.043	0.0166	0.0041	0.0013	0.002	0.0054	0.0189	0.0569	0.1038	0.1384	0.2552	0.2215	0.1327	0.043	0.0166	0.0041
