Allele	DRB1_04_06
Version	2.0.2
Type	Standard
n_specificities	1
npep_u	1
npep_t	5000
spec_ids	1
L_core	9
L_N	0
L_C	0
CS_perL	1
pepL_lower	12
pepL_upper	21
n_diff_aa	20

PWM_norm.1	P1	P2	P3	P4	P5	P6	P7	P8	P9
A	0.1572	1.0134	1.8502	2.9286	1.4013	0.6969	1.9091	1.1907	1.8703
C	0.0769	0.1235	0.172	0.2193	0.129	0.1348	0.147	0.1031	0.7894
D	0.0463	0.5913	0.3386	0.5679	1.568	3.4714	1.1708	0.5361	0.275
E	0.0356	1.1077	0.4016	0.4461	0.8516	0.15	0.7471	0.9168	0.3879
F	1.3114	0.8387	0.7339	1.11	0.3502	0.0524	0.5071	0.5822	0.9869
G	0.0913	0.3517	0.8535	0.3448	0.7906	0.2492	0.5732	0.9812	1.1225
H	0.0556	1.4385	0.7104	0.3407	1.1049	0.0884	0.3754	1.5526	0.5277
I	8.8846	1.5961	1.5045	1.6873	0.5743	0.3182	1.045	0.9874	1.5752
K	0.046	1.6684	0.8451	0.1011	1.1845	0.0717	0.2477	1.5323	0.5017
L	2.7486	0.8504	0.7515	0.6733	0.476	0.0937	1.1231	1.0968	1.4611
M	1.5087	0.5381	0.6092	0.5653	0.3566	0.0679	0.7833	0.5227	1.2526
N	0.0579	1.0123	1.3971	0.4417	1.0363	4.1824	3.2033	0.8925	0.7518
P	0.0858	0.0588	1.7014	0.0542	1.8008	0.3899	1.5906	1.3067	0.2601
Q	0.0423	1.22	0.7867	0.3411	0.8846	0.0915	1.155	1.0777	0.7808
R	0.0456	1.7111	1.6925	0.0613	0.8533	0.0594	0.269	1.4316	0.9982
S	0.0422	0.7139	0.9273	2.071	1.2922	2.46	1.0661	0.7486	0.923
T	0.1628	1.1123	0.9051	2.2857	1.1482	4.197	0.817	0.86	0.9276
V	3.3713	1.9205	1.0718	2.6731	1.2417	1.6814	1.076	0.9869	2.0701
W	0.3518	0.5426	0.2596	0.1431	0.8916	0.0297	0.3962	0.306	0.2889
Y	0.1942	1.1385	1.3525	0.1554	0.9233	0.056	0.4439	1.066	1.0776

pepL	alpha	w_s
12	99.5307	0.083	0.1488	0	0.3949	0.3733
13	98.9574	0.0263	0.0764	0.2382	0.4675	0.1916
14	98.3293	0.0043	0.0259	0.161	0	0.4702	0.2976	0.0409
15	98.0138	0.0017	0.0096	0.0839	0.3761	0.4093	0.0998	0.0197
16	98.2233	8e-04	0.0022	0.03	0.2337	0	0.522	0.1562	0.0472	0.0079
17	98.7349	8e-04	0.0019	0.0146	0.1152	0.4294	0.2806	0.114	0.0362	0.0072
18	99.2174	5e-04	0.0013	0.0066	0.0433	0.2908	0	0.3312	0.218	0.0767	0.0267	0.005
19	99.5134	0.001	0.0012	0.0074	0.029	0.145	0.2323	0.2917	0.1843	0.0762	0.0263	0.0055
20	99.6911	0.001	0.0012	0.0048	0.0176	0.0704	0.1449	0	0.2809	0.2453	0.1596	0.0505	0.0192	0.0045
21	99.7886	0.0013	0.002	0.0054	0.0189	0.0569	0.1038	0.1384	0.2552	0.2215	0.1327	0.043	0.0166	0.0041
