Allele	DRB1_04_25
Version	2.0.2
Type	Standard
n_specificities	2
npep_u	0.967	0.033
npep_t	5000	5000
spec_ids	1	2
L_core	9
L_N	0
L_C	0
CS_perL	1
pepL_lower	12
pepL_upper	21
n_diff_aa	20

PWM_norm.1	P1	P2	P3	P4	P5	P6	P7	P8	P9
A	0.1572	1.0134	1.7896	2.8206	1.1651	0.6969	1.8474	1.1907	2.862
C	0.0769	0.1235	0.1773	0.2043	0.093	0.1348	0.1413	0.1031	0.2794
D	0.0463	0.5913	0.6067	0.5891	1.4975	3.4714	0.7826	0.5361	0.4451
E	0.0356	1.1077	0.4981	0.646	0.7509	0.15	0.5987	0.9168	0.4821
F	1.3114	0.8387	0.7551	1.2245	0.464	0.0524	0.8253	0.5822	0.2438
G	0.0913	0.3517	0.8612	0.3287	0.7766	0.2492	0.9515	0.9812	2.9935
H	0.0556	1.4385	0.743	0.1524	1.2028	0.0884	1.3227	1.5526	0.8464
I	8.8846	1.5961	1.6708	2.4051	0.7159	0.3182	1.2286	0.9874	0.3393
K	0.046	1.6684	0.9375	0.476	1.7275	0.0717	0.9504	1.5323	0.2865
L	2.7486	0.8504	0.7848	1.3867	0.5567	0.0937	1.1904	1.0968	0.1912
M	1.5087	0.5381	0.8268	1.6955	0.5887	0.0679	0.7383	0.5227	0.37
N	0.0579	1.0123	1.153	0.2217	1.5958	4.1824	1.5996	0.8925	0.8919
P	0.0858	0.0588	1.4306	0.0419	1.1321	0.3899	1.1651	1.3067	0.4117
Q	0.0423	1.22	0.8201	0.3481	0.9579	0.0915	1.1012	1.0777	2.6934
R	0.0456	1.7111	1.2889	0.1971	1.2217	0.0594	1.1097	1.4316	0.252
S	0.0422	0.7139	0.9194	0.779	1.1269	2.46	0.71	0.7486	2.1807
T	0.1628	1.1123	0.9179	1.319	1.1263	4.197	0.6613	0.86	0.6729
V	3.3713	1.9205	1.1717	2.7387	1.1173	1.6814	0.8114	0.9869	0.4655
W	0.3518	0.5426	0.2712	0.2701	0.2302	0.0297	0.7776	0.306	0.0943
Y	0.1942	1.1385	1.4441	0.2678	0.9271	0.056	0.7783	1.066	0.1875

PWM_norm.2	P1	P2	P3	P4	P5	P6	P7	P8	P9
A	0.1565	0.9936	1.695	2.325	1.3094	0.6746	2.1306	1.1951	3.1835
C	0.0738	0.0945	0.1277	0.2123	0.1017	0.1141	0.0932	0.1062	0.27
D	0.0513	0.4813	0.4437	0.2767	1.553	3.7181	0.6598	0.539	0.3862
E	0.0411	1.0947	0.439	0.5024	0.8028	0.1389	0.5634	0.9225	0.4176
F	1.4023	0.7352	0.7594	1.7155	0.364	0.0487	0.9885	0.5844	0.1861
G	0.0946	0.3281	0.8713	0.5265	0.7003	0.2433	1.0307	0.9253	2.7911
H	0.0578	1.4588	0.6635	0.3521	1.0388	0.0854	1.4131	1.5869	0.7515
I	8.6302	1.5921	1.3734	1.1664	0.7919	0.2854	1.284	0.9346	0.2964
K	0.0491	1.7773	0.8623	2.5805	1.4383	0.0717	0.6786	1.5293	0.2503
L	2.8179	0.8912	0.7471	0.7789	0.5731	0.0812	1.2533	1.112	0.1877
M	1.5002	0.5093	0.7328	1.4551	0.5355	0.0565	0.7212	0.5312	0.351
N	0.0636	1.0167	1.2744	0.303	1.3224	4.5572	1.6233	0.8852	0.8019
P	0.0963	0.0493	1.7594	0.1015	1.5448	0.3335	0.9616	1.3168	0.3691
Q	0.0384	1.1977	0.9229	0.4823	0.8769	0.0879	1.1773	1.0956	2.844
R	0.0432	1.7939	1.4358	0.863	1.1941	0.0623	1.0758	1.4347	0.2302
S	0.0404	0.6901	1.0882	0.9604	1.1362	2.4151	0.6167	0.7579	2.3152
T	0.1393	1.1147	0.9355	1.2441	0.959	4.1814	0.7258	0.8586	0.6378
V	3.3603	2.0186	0.9413	1.867	1.1992	1.5015	0.913	0.9959	0.4353
W	0.399	0.377	0.2084	0.6638	0.1747	0.0294	0.5134	0.3188	0.0656
Y	0.2401	1.0725	1.6407	0.547	1.0183	0.0525	0.6169	1.0555	0.2079

pepL	alpha	w_s
12	99.5307	0.083	0.1488	0	0.3949	0.3733	0.083	0.1488	0	0.3949	0.3733
13	98.9574	0.0263	0.0764	0.2382	0.4675	0.1916	0.0263	0.0764	0.2382	0.4675	0.1916
14	98.3293	0.0043	0.0259	0.161	0	0.4702	0.2976	0.0409	0.0043	0.0259	0.161	0	0.4702	0.2976	0.0409
15	98.0138	0.0017	0.0096	0.0839	0.3761	0.4093	0.0998	0.0197	0.0017	0.0096	0.0839	0.3761	0.4093	0.0998	0.0197
16	98.2233	8e-04	0.0022	0.03	0.2337	0	0.522	0.1562	0.0472	0.0079	8e-04	0.0022	0.03	0.2337	0	0.522	0.1562	0.0472	0.0079
17	98.7349	8e-04	0.0019	0.0146	0.1152	0.4294	0.2806	0.114	0.0362	0.0072	8e-04	0.0019	0.0146	0.1152	0.4294	0.2806	0.114	0.0362	0.0072
18	99.2174	5e-04	0.0013	0.0066	0.0433	0.2908	0	0.3312	0.218	0.0767	0.0267	0.005	5e-04	0.0013	0.0066	0.0433	0.2908	0	0.3312	0.218	0.0767	0.0267	0.005
19	99.5134	0.001	0.0012	0.0074	0.029	0.145	0.2323	0.2917	0.1843	0.0762	0.0263	0.0055	0.001	0.0012	0.0074	0.029	0.145	0.2323	0.2917	0.1843	0.0762	0.0263	0.0055
20	99.6911	0.001	0.0012	0.0048	0.0176	0.0704	0.1449	0	0.2809	0.2453	0.1596	0.0505	0.0192	0.0045	0.001	0.0012	0.0048	0.0176	0.0704	0.1449	0	0.2809	0.2453	0.1596	0.0505	0.0192	0.0045
21	99.7886	0.0013	0.002	0.0054	0.0189	0.0569	0.1038	0.1384	0.2552	0.2215	0.1327	0.043	0.0166	0.0041	0.0013	0.002	0.0054	0.0189	0.0569	0.1038	0.1384	0.2552	0.2215	0.1327	0.043	0.0166	0.0041
