Allele	DRB1_16_04
Version	2.0.2
Type	Standard
n_specificities	1
npep_u	1
npep_t	5000
spec_ids	1
L_core	9
L_N	0
L_C	0
CS_perL	1
pepL_lower	12
pepL_upper	21
n_diff_aa	20

PWM_norm.1	P1	P2	P3	P4	P5	P6	P7	P8	P9
A	0.1029	1.0134	1.6568	1.7975	0.9464	1.1306	0.911	1.1907	2.5987
C	0.0559	0.1235	0.1692	0.2414	0.1243	0.1524	0.1335	0.1031	0.6635
D	0.0374	0.5913	0.5046	0.3739	1.7878	1.427	1.0686	0.5361	0.1726
E	0.0624	1.1077	0.5807	0.4406	0.6124	0.5734	0.6073	0.9168	0.2702
F	8.1933	0.8387	0.8614	2.1417	0.4758	0.1487	1.3813	0.5822	0.4114
G	0.0694	0.3517	0.7274	0.2803	0.6097	1.4683	0.5439	0.9812	0.8683
H	0.1308	1.4385	0.9199	0.2944	0.9156	0.2156	1.4922	1.5526	0.2507
I	3.0425	1.5961	1.8104	2.7783	0.872	0.1428	1.2914	0.9874	2.167
K	0.0618	1.6684	0.9777	0.3816	2.1442	0.1051	1.3717	1.5323	0.1829
L	1.4376	0.8504	0.9174	1.4103	0.4707	0.0648	1.2017	1.0968	2.1646
M	0.9853	0.5381	1.0869	2.2973	0.536	0.0884	0.5654	0.5227	0.6898
N	0.0742	1.0123	0.7075	0.3322	2.4229	4.0465	1.315	0.8925	0.4426
P	0.044	0.0588	1.1142	0.0964	0.7278	0.2209	1.0045	1.3067	0.1744
Q	0.0574	1.22	1.1096	0.2596	0.9204	0.2817	1.3251	1.0777	0.3786
R	0.0413	1.7111	1.1739	0.2114	1.3592	0.1329	1.5684	1.4316	0.4466
S	0.0464	0.7139	0.8351	0.8867	0.981	5.343	0.4892	0.7486	0.7041
T	0.0914	1.1123	0.8704	1.3051	1.2052	0.546	1.0282	0.86	0.9507
V	1.0453	1.9205	1.3915	2.926	1.1531	0.2389	0.8308	0.9869	2.9789
W	4.6078	0.5426	0.4678	0.4757	0.1704	0.0949	1.083	0.306	0.0828
Y	9.5386	1.1385	1.6086	0.6433	1.0588	0.2282	1.0122	1.066	0.2246

pepL	alpha	w_s
12	99.5307	0.083	0.1488	0	0.3949	0.3733
13	98.9574	0.0263	0.0764	0.2382	0.4675	0.1916
14	98.3293	0.0043	0.0259	0.161	0	0.4702	0.2976	0.0409
15	98.0138	0.0017	0.0096	0.0839	0.3761	0.4093	0.0998	0.0197
16	98.2233	8e-04	0.0022	0.03	0.2337	0	0.522	0.1562	0.0472	0.0079
17	98.7349	8e-04	0.0019	0.0146	0.1152	0.4294	0.2806	0.114	0.0362	0.0072
18	99.2174	5e-04	0.0013	0.0066	0.0433	0.2908	0	0.3312	0.218	0.0767	0.0267	0.005
19	99.5134	0.001	0.0012	0.0074	0.029	0.145	0.2323	0.2917	0.1843	0.0762	0.0263	0.0055
20	99.6911	0.001	0.0012	0.0048	0.0176	0.0704	0.1449	0	0.2809	0.2453	0.1596	0.0505	0.0192	0.0045
21	99.7886	0.0013	0.002	0.0054	0.0189	0.0569	0.1038	0.1384	0.2552	0.2215	0.1327	0.043	0.0166	0.0041
