Allele	DRB1_09_32
Version	2.0.2
Type	Standard
n_specificities	1
npep_u	1
npep_t	5000
spec_ids	1
L_core	9
L_N	0
L_C	0
CS_perL	1
pepL_lower	12
pepL_upper	21
n_diff_aa	20

PWM_norm.1	P1	P2	P3	P4	P5	P6	P7	P8	P9
A	0.1029	1.136	1.9292	4.8604	0.9505	2.1088	1.7401	1.0497	1.1001
C	0.0559	0.1399	0.1804	0.0993	0.2217	0.1291	0.1817	0.1463	0.2399
D	0.0374	0.7105	0.2253	0.1009	0.8202	0.4297	0.8184	0.6212	0.8771
E	0.0624	1.0808	0.6139	0.0961	1.4163	1.5817	1.3223	0.7709	0.8617
F	8.1933	0.715	0.8933	1.5187	0.7074	0.1975	1.4466	0.7075	1.3571
G	0.0694	0.469	0.8835	1.1971	0.6341	1.4023	0.9349	0.9215	0.5688
H	0.1308	2.396	1.6421	1.9801	1.665	1.1246	2.1815	0.9564	0.7946
I	3.0425	1.2207	0.967	0.1723	0.7579	0.4387	0.6646	1.0167	3.8814
K	0.0618	1.4549	1.0346	0.0586	1.5934	0.1473	1.2591	1.6	0.2307
L	1.4376	0.675	0.7032	0.0899	0.5531	0.2178	0.6348	0.8835	1.2486
M	0.9853	0.5727	0.6509	0.1186	0.4733	0.4221	0.7664	0.533	0.9351
N	0.0742	1.4301	0.7357	0.1576	0.7449	1.0239	1.0943	1.0779	0.7061
P	0.044	0.0841	2.3554	0.1122	1.0607	0.9585	0.6436	1.5533	0.3347
Q	0.0574	1.384	0.9841	0.0937	1.4351	2.6916	1.7165	0.8283	0.8543
R	0.0413	1.5638	0.9685	0.0508	1.0609	0.1144	0.9453	1.492	0.4107
S	0.0464	0.8815	1.0283	4.0459	0.96	1.5573	0.6021	0.9957	0.4856
T	0.0914	1.2423	0.3798	0.7576	1.2709	1.9033	0.8888	1.0871	0.7543
V	1.0453	1.3128	0.8823	0.6458	1.4785	0.9435	0.7296	0.9827	2.234
W	4.6078	0.6999	0.3564	0.1175	0.4125	0.0956	0.5758	0.3088	0.3337
Y	9.5386	1.2059	1.8633	0.0868	0.8434	0.1937	0.9757	1.0281	1.9894

pepL	alpha	w_s
12	99.5307	0.083	0.1488	0	0.3949	0.3733
13	98.9574	0.0263	0.0764	0.2382	0.4675	0.1916
14	98.3293	0.0043	0.0259	0.161	0	0.4702	0.2976	0.0409
15	98.0138	0.0017	0.0096	0.0839	0.3761	0.4093	0.0998	0.0197
16	98.2233	8e-04	0.0022	0.03	0.2337	0	0.522	0.1562	0.0472	0.0079
17	98.7349	8e-04	0.0019	0.0146	0.1152	0.4294	0.2806	0.114	0.0362	0.0072
18	99.2174	5e-04	0.0013	0.0066	0.0433	0.2908	0	0.3312	0.218	0.0767	0.0267	0.005
19	99.5134	0.001	0.0012	0.0074	0.029	0.145	0.2323	0.2917	0.1843	0.0762	0.0263	0.0055
20	99.6911	0.001	0.0012	0.0048	0.0176	0.0704	0.1449	0	0.2809	0.2453	0.1596	0.0505	0.0192	0.0045
21	99.7886	0.0013	0.002	0.0054	0.0189	0.0569	0.1038	0.1384	0.2552	0.2215	0.1327	0.043	0.0166	0.0041
