Allele	DRB1_11_29
Version	2.0.2
Type	Standard
n_specificities	1
npep_u	1
npep_t	5000
spec_ids	1
L_core	9
L_N	0
L_C	0
CS_perL	1
pepL_lower	12
pepL_upper	21
n_diff_aa	20

PWM_norm.1	P1	P2	P3	P4	P5	P6	P7	P8	P9
A	0.1029	1.0134	1.5913	1.2089	0.9602	0.257	1.4347	1.1907	1.8703
C	0.0559	0.1235	0.2718	0.2935	0.1407	0.0274	0.0866	0.1031	0.7894
D	0.0374	0.5913	0.4929	0.2962	0.8689	0.1246	0.3556	0.5361	0.275
E	0.0624	1.1077	0.7973	0.8151	0.7483	0.2656	0.8447	0.9168	0.3879
F	8.1933	0.8387	1.0282	0.9426	0.5669	0.0455	0.7182	0.5822	0.9869
G	0.0694	0.3517	0.6939	0.119	0.9089	0.1343	1.4242	0.9812	1.1225
H	0.1308	1.4385	0.7985	0.2932	1.2633	1.6108	1.5945	1.5526	0.5277
I	3.0425	1.5961	2.3664	3.449	0.8657	0.1237	1.3742	0.9874	1.5752
K	0.0618	1.6684	0.8841	0.3879	2.3727	6.4339	1.3971	1.5323	0.5017
L	1.4376	0.8504	0.917	2.6877	0.4251	0.0457	1.8031	1.0968	1.4611
M	0.9853	0.5381	1.1021	3.1714	0.7074	0.0731	0.8587	0.5227	1.2526
N	0.0742	1.0123	0.8726	0.6458	1.4622	0.3126	1.1149	0.8925	0.7518
P	0.044	0.0588	1.027	0.0271	0.9685	0.2287	0.5991	1.3067	0.2601
Q	0.0574	1.22	0.8557	0.5122	1.1561	0.3026	0.7738	1.0777	0.7808
R	0.0413	1.7111	0.7933	0.142	1.3568	7.346	1.1743	1.4316	0.9982
S	0.0464	0.7139	0.7946	0.4603	0.9945	0.2008	0.4747	0.7486	0.923
T	0.0914	1.1123	0.8502	0.7111	1.279	0.5743	0.4689	0.86	0.9276
V	1.0453	1.9205	1.417	2.2271	0.9436	0.2692	0.7622	0.9869	2.0701
W	4.6078	0.5426	0.5216	0.2537	0.6691	0.0507	0.4877	0.306	0.2889
Y	9.5386	1.1385	1.73	0.3805	1.0183	0.0698	0.9988	1.066	1.0776

pepL	alpha	w_s
12	99.5307	0.083	0.1488	0	0.3949	0.3733
13	98.9574	0.0263	0.0764	0.2382	0.4675	0.1916
14	98.3293	0.0043	0.0259	0.161	0	0.4702	0.2976	0.0409
15	98.0138	0.0017	0.0096	0.0839	0.3761	0.4093	0.0998	0.0197
16	98.2233	8e-04	0.0022	0.03	0.2337	0	0.522	0.1562	0.0472	0.0079
17	98.7349	8e-04	0.0019	0.0146	0.1152	0.4294	0.2806	0.114	0.0362	0.0072
18	99.2174	5e-04	0.0013	0.0066	0.0433	0.2908	0	0.3312	0.218	0.0767	0.0267	0.005
19	99.5134	0.001	0.0012	0.0074	0.029	0.145	0.2323	0.2917	0.1843	0.0762	0.0263	0.0055
20	99.6911	0.001	0.0012	0.0048	0.0176	0.0704	0.1449	0	0.2809	0.2453	0.1596	0.0505	0.0192	0.0045
21	99.7886	0.0013	0.002	0.0054	0.0189	0.0569	0.1038	0.1384	0.2552	0.2215	0.1327	0.043	0.0166	0.0041
