Allele	DRB1_14_07
Version	2.0.2
Type	Standard
n_specificities	1
npep_u	1
npep_t	5000
spec_ids	1
L_core	9
L_N	0
L_C	0
CS_perL	1
pepL_lower	12
pepL_upper	21
n_diff_aa	20

PWM_norm.1	P1	P2	P3	P4	P5	P6	P7	P8	P9
A	0.1029	1.0134	1.5834	2.2433	0.8575	0.257	0.9533	0.9515	0.5754
C	0.0559	0.1235	0.2247	0.3525	0.1472	0.0274	0.1483	0.0899	0.1992
D	0.0374	0.5913	0.2325	0.3601	2.2142	0.1246	0.7086	0.6004	0.133
E	0.0624	1.1077	0.5881	0.2458	1.7818	0.2656	1.4097	0.7425	0.1735
F	8.1933	0.8387	1.228	0.5788	0.4357	0.0455	0.5	0.2579	0.8919
G	0.0694	0.3517	0.4314	0.1697	0.6015	0.1343	1.2017	0.8249	0.1055
H	0.1308	1.4385	0.6858	0.6013	1.0925	1.6108	0.6901	1.004	0.0978
I	3.0425	1.5961	2.4033	1.854	0.9009	0.1237	1.0757	1.4471	5.5121
K	0.0618	1.6684	0.9176	0.1122	1.8338	6.4339	0.7907	1.5714	0.0557
L	1.4376	0.8504	0.9694	0.6513	0.3491	0.0457	1.3304	1.2279	3.0635
M	0.9853	0.5381	1.3798	0.2732	0.3747	0.0731	0.9034	0.7207	0.8799
N	0.0742	1.0123	0.8626	2.0409	1.1458	0.3126	2.5978	1.057	0.1991
P	0.044	0.0588	1.2441	0.0493	1.3064	0.2287	0.406	1.7746	0.0689
Q	0.0574	1.22	1.0298	0.1563	0.9404	0.3026	1.2823	1.1179	0.2382
R	0.0413	1.7111	0.8707	0.0651	1.1011	7.346	0.3631	1.2407	0.1096
S	0.0464	0.7139	0.9151	2.8331	0.7587	0.2008	1.0477	0.5171	0.1295
T	0.0914	1.1123	0.651	1.3378	1.2132	0.5743	0.8416	0.9624	0.4056
V	1.0453	1.9205	1.4568	3.2507	0.7332	0.2692	1.1095	1.2119	4.1161
W	4.6078	0.5426	0.5626	0.0567	0.5147	0.0507	0.3181	0.1208	0.1265
Y	9.5386	1.1385	1.6949	0.0986	0.7775	0.0698	1.2345	1.0151	0.8162

pepL	alpha	w_s
12	99.5307	0.083	0.1488	0	0.3949	0.3733
13	98.9574	0.0263	0.0764	0.2382	0.4675	0.1916
14	98.3293	0.0043	0.0259	0.161	0	0.4702	0.2976	0.0409
15	98.0138	0.0017	0.0096	0.0839	0.3761	0.4093	0.0998	0.0197
16	98.2233	8e-04	0.0022	0.03	0.2337	0	0.522	0.1562	0.0472	0.0079
17	98.7349	8e-04	0.0019	0.0146	0.1152	0.4294	0.2806	0.114	0.0362	0.0072
18	99.2174	5e-04	0.0013	0.0066	0.0433	0.2908	0	0.3312	0.218	0.0767	0.0267	0.005
19	99.5134	0.001	0.0012	0.0074	0.029	0.145	0.2323	0.2917	0.1843	0.0762	0.0263	0.0055
20	99.6911	0.001	0.0012	0.0048	0.0176	0.0704	0.1449	0	0.2809	0.2453	0.1596	0.0505	0.0192	0.0045
21	99.7886	0.0013	0.002	0.0054	0.0189	0.0569	0.1038	0.1384	0.2552	0.2215	0.1327	0.043	0.0166	0.0041
