Allele	DRB1_14_24
Version	2.0.2
Type	Standard
n_specificities	1
npep_u	1
npep_t	5000
spec_ids	1
L_core	9
L_N	0
L_C	0
CS_perL	1
pepL_lower	12
pepL_upper	21
n_diff_aa	20

PWM_norm.1	P1	P2	P3	P4	P5	P6	P7	P8	P9
A	0.1029	1.0134	1.5913	0.5438	0.9859	0.7759	0.8736	1.1907	0.6988
C	0.0559	0.1235	0.2718	0.1211	0.1655	0.1194	0.2111	0.1031	0.269
D	0.0374	0.5913	0.4929	0.2357	1.0522	0.2551	0.6123	0.5361	0.2339
E	0.0624	1.1077	0.7973	0.3665	0.9859	0.4191	1.486	0.9168	0.5399
F	8.1933	0.8387	1.0282	3.5793	0.4692	0.4944	0.5971	0.5822	1.5199
G	0.0694	0.3517	0.6939	0.2375	0.7674	0.4812	0.7263	0.9812	0.5737
H	0.1308	1.4385	0.7985	2.4642	1.6379	2.7562	1.7187	1.5526	0.4924
I	3.0425	1.5961	2.3664	1.2963	0.7904	1.0981	1.1164	0.9874	0.6987
K	0.0618	1.6684	0.8841	1.2616	1.9567	3.2415	1.0053	1.5323	1.607
L	1.4376	0.8504	0.917	0.9792	0.5026	0.3828	0.9632	1.0968	0.7971
M	0.9853	0.5381	1.1021	1.1334	0.5445	0.4589	0.6903	0.5227	1.5247
N	0.0742	1.0123	0.8726	2.1552	1.3497	1.0989	2.8285	0.8925	0.4253
P	0.044	0.0588	1.027	0.0675	1.582	0.7664	0.7887	1.3067	0.0988
Q	0.0574	1.22	0.8557	0.9854	1.3821	1.0454	1.8645	1.0777	0.5586
R	0.0413	1.7111	0.7933	1.0712	1.117	3.4669	0.642	1.4316	5.0972
S	0.0464	0.7139	0.7946	0.264	0.8924	0.4242	0.6757	0.7486	0.4453
T	0.0914	1.1123	0.8502	0.3676	1.2188	1.0642	0.6448	0.86	0.4023
V	1.0453	1.9205	1.417	1.0284	0.7467	0.9456	1.021	0.9869	0.8838
W	4.6078	0.5426	0.5216	3.4426	0.4815	0.3	0.6543	0.306	0.3086
Y	9.5386	1.1385	1.73	4.9632	0.7081	0.4029	1.1538	1.066	3.9837

pepL	alpha	w_s
12	99.5307	0.083	0.1488	0	0.3949	0.3733
13	98.9574	0.0263	0.0764	0.2382	0.4675	0.1916
14	98.3293	0.0043	0.0259	0.161	0	0.4702	0.2976	0.0409
15	98.0138	0.0017	0.0096	0.0839	0.3761	0.4093	0.0998	0.0197
16	98.2233	8e-04	0.0022	0.03	0.2337	0	0.522	0.1562	0.0472	0.0079
17	98.7349	8e-04	0.0019	0.0146	0.1152	0.4294	0.2806	0.114	0.0362	0.0072
18	99.2174	5e-04	0.0013	0.0066	0.0433	0.2908	0	0.3312	0.218	0.0767	0.0267	0.005
19	99.5134	0.001	0.0012	0.0074	0.029	0.145	0.2323	0.2917	0.1843	0.0762	0.0263	0.0055
20	99.6911	0.001	0.0012	0.0048	0.0176	0.0704	0.1449	0	0.2809	0.2453	0.1596	0.0505	0.0192	0.0045
21	99.7886	0.0013	0.002	0.0054	0.0189	0.0569	0.1038	0.1384	0.2552	0.2215	0.1327	0.043	0.0166	0.0041
