Allele	DRB1_08_07
Version	2.0.2
Type	Standard
n_specificities	2
npep_u	0.635	0.365
npep_t	5000	5000
spec_ids	1	2
L_core	9
L_N	0
L_C	0
CS_perL	1
pepL_lower	12
pepL_upper	21
n_diff_aa	20

PWM_norm.1	P1	P2	P3	P4	P5	P6	P7	P8	P9
A	0.1029	1.0134	1.6437	1.8873	0.8135	0.5965	2.0276	1.0527	1.1809
C	0.0559	0.1235	0.1911	0.2279	0.1173	0.0684	0.0956	0.1558	0.2983
D	0.0374	0.5913	0.9136	0.8895	0.961	0.3057	0.3837	0.6934	1.7751
E	0.0624	1.1077	0.7186	0.5108	0.7409	0.4841	0.7906	1.0532	1.4352
F	8.1933	0.8387	0.8363	1.0635	0.6779	0.1291	0.5224	0.82	1.5615
G	0.0694	0.3517	0.7039	0.274	0.8123	0.2827	1.5096	0.7477	1.1653
H	0.1308	1.4385	1.042	0.2133	1.0706	2.8631	0.8582	1.1215	1.1663
I	3.0425	1.5961	1.8049	1.9822	0.8482	0.2498	1.167	1.1625	1.8199
K	0.0618	1.6684	1.0692	0.8537	2.468	6.4927	1.3527	1.4758	0.2283
L	1.4376	0.8504	0.8649	2.2813	0.479	0.0963	1.1506	1.0606	0.8359
M	0.9853	0.5381	1.0645	1.6796	0.6852	0.322	0.7668	0.8079	1.2681
N	0.0742	1.0123	0.6118	0.6432	1.8944	0.553	1.0535	0.9683	0.7343
P	0.044	0.0588	1.0937	0.088	0.7179	0.641	1.6619	1.2068	0.3739
Q	0.0574	1.22	1.0566	0.2663	1.2442	0.6971	0.9282	1.0727	1.9933
R	0.0413	1.7111	0.8631	0.3898	1.3719	3.7332	0.844	1.2633	0.2417
S	0.0464	0.7139	0.7172	0.4309	1.0635	0.3268	0.6292	0.7508	0.6915
T	0.0914	1.1123	1.0518	0.7057	1.2763	0.6876	0.4387	0.8932	0.6564
V	1.0453	1.9205	1.3824	2.7222	0.9529	0.5331	0.7322	1.0544	1.1941
W	4.6078	0.5426	0.3476	0.1466	0.3296	0.1223	0.411	0.4683	0.6225
Y	9.5386	1.1385	1.5139	0.8872	0.9288	0.213	0.8866	1.3387	0.9977

PWM_norm.2	P1	P2	P3	P4	P5	P6	P7	P8	P9
A	0.0843	0.9936	1.5409	0.9149	1.1343	1.6302	3.0376	1.0362	1.2958
C	0.0486	0.0945	0.1789	0.0839	0.149	0.1759	0.0862	0.1443	0.3121
D	0.037	0.4813	0.62	0.157	0.9921	0.7821	0.2514	0.7356	1.5775
E	0.0587	1.0947	0.6863	0.2985	0.9834	0.8361	0.5669	1.0486	1.2989
F	8.2403	0.7352	0.7839	0.8913	0.4976	0.2507	0.9255	0.7926	1.4632
G	0.0639	0.3281	0.9194	0.3181	0.7523	0.603	2.022	0.7564	1.1013
H	0.1242	1.4588	1.0987	0.286	1.1265	1.3627	1.0864	1.1987	1.094
I	2.8962	1.5921	1.2433	0.4619	0.9299	1.0702	1.0346	1.1136	1.8224
K	0.0582	1.7773	0.8531	7.0905	1.6978	1.1719	0.7604	1.4457	0.2559
L	1.4688	0.8912	0.8137	0.6221	0.5974	0.4404	1.0425	1.0786	0.8923
M	0.8495	0.5093	0.8937	0.742	0.682	0.4857	0.7656	0.799	1.1962
N	0.0682	1.0167	0.766	0.3237	1.2345	1.1579	0.7823	0.9535	0.7212
P	0.0367	0.0493	1.5988	0.1159	1.3271	1.2586	1.3585	1.1949	0.3767
Q	0.0489	1.1977	1.2366	0.2852	1.0519	1.9948	0.6636	1.095	1.8813
R	0.0383	1.7939	0.9516	2.9549	1.2571	0.7415	0.7084	1.2541	0.2628
S	0.0406	0.6901	0.9933	0.3709	0.9183	0.7866	0.511	0.7366	0.7921
T	0.0729	1.1147	0.9073	0.461	1.0109	2.0385	0.6409	0.8645	0.6854
V	0.9998	2.0186	1.013	0.9225	1.1987	1.4942	0.8835	1.1168	1.2616
W	4.5103	0.377	0.4428	0.2787	0.2647	0.189	0.2786	0.5196	0.6701
Y	10.0648	1.0725	1.9147	0.9478	1.3085	0.2127	0.5218	1.3193	1.1801

pepL	alpha	w_s
12	99.5307	0.083	0.1488	0	0.3949	0.3733	0.083	0.1488	0	0.3949	0.3733
13	98.9574	0.0263	0.0764	0.2382	0.4675	0.1916	0.0263	0.0764	0.2382	0.4675	0.1916
14	98.3293	0.0043	0.0259	0.161	0	0.4702	0.2976	0.0409	0.0043	0.0259	0.161	0	0.4702	0.2976	0.0409
15	98.0138	0.0017	0.0096	0.0839	0.3761	0.4093	0.0998	0.0197	0.0017	0.0096	0.0839	0.3761	0.4093	0.0998	0.0197
16	98.2233	8e-04	0.0022	0.03	0.2337	0	0.522	0.1562	0.0472	0.0079	8e-04	0.0022	0.03	0.2337	0	0.522	0.1562	0.0472	0.0079
17	98.7349	8e-04	0.0019	0.0146	0.1152	0.4294	0.2806	0.114	0.0362	0.0072	8e-04	0.0019	0.0146	0.1152	0.4294	0.2806	0.114	0.0362	0.0072
18	99.2174	5e-04	0.0013	0.0066	0.0433	0.2908	0	0.3312	0.218	0.0767	0.0267	0.005	5e-04	0.0013	0.0066	0.0433	0.2908	0	0.3312	0.218	0.0767	0.0267	0.005
19	99.5134	0.001	0.0012	0.0074	0.029	0.145	0.2323	0.2917	0.1843	0.0762	0.0263	0.0055	0.001	0.0012	0.0074	0.029	0.145	0.2323	0.2917	0.1843	0.0762	0.0263	0.0055
20	99.6911	0.001	0.0012	0.0048	0.0176	0.0704	0.1449	0	0.2809	0.2453	0.1596	0.0505	0.0192	0.0045	0.001	0.0012	0.0048	0.0176	0.0704	0.1449	0	0.2809	0.2453	0.1596	0.0505	0.0192	0.0045
21	99.7886	0.0013	0.002	0.0054	0.0189	0.0569	0.1038	0.1384	0.2552	0.2215	0.1327	0.043	0.0166	0.0041	0.0013	0.002	0.0054	0.0189	0.0569	0.1038	0.1384	0.2552	0.2215	0.1327	0.043	0.0166	0.0041
