Allele	DRB1_13_12
Version	2.0.2
Type	Standard
n_specificities	1
npep_u	1
npep_t	5000
spec_ids	1
L_core	9
L_N	0
L_C	0
CS_perL	1
pepL_lower	12
pepL_upper	21
n_diff_aa	20

PWM_norm.1	P1	P2	P3	P4	P5	P6	P7	P8	P9
A	0.1029	1.0134	1.5913	1.2089	0.9602	0.257	1.0045	1.0057	0.5787
C	0.0559	0.1235	0.2718	0.2935	0.1407	0.0274	0.115	0.0866	0.0819
D	0.0374	0.5913	0.4929	0.2962	0.8689	0.1246	0.3627	0.6005	7.5248
E	0.0624	1.1077	0.7973	0.8151	0.7483	0.2656	1.3154	1.115	4.1906
F	8.1933	0.8387	1.0282	0.9426	0.5669	0.0455	0.8324	0.5643	0.1967
G	0.0694	0.3517	0.6939	0.119	0.9089	0.1343	0.6661	0.7291	0.8455
H	0.1308	1.4385	0.7985	0.2932	1.2633	1.6108	1.2405	1.1024	0.6765
I	3.0425	1.5961	2.3664	3.449	0.8657	0.1237	1.1615	1.1892	0.2648
K	0.0618	1.6684	0.8841	0.3879	2.3727	6.4339	1.0294	1.5536	0.1558
L	1.4376	0.8504	0.917	2.6877	0.4251	0.0457	1.7624	1.3417	0.2348
M	0.9853	0.5381	1.1021	3.1714	0.7074	0.0731	0.9474	0.7502	0.2718
N	0.0742	1.0123	0.8726	0.6458	1.4622	0.3126	2.1881	0.8146	0.6671
P	0.044	0.0588	1.027	0.0271	0.9685	0.2287	0.8144	1.2619	0.1702
Q	0.0574	1.22	0.8557	0.5122	1.1561	0.3026	1.1936	1.2445	0.8258
R	0.0413	1.7111	0.7933	0.142	1.3568	7.346	0.551	1.2023	0.1102
S	0.0464	0.7139	0.7946	0.4603	0.9945	0.2008	0.6129	0.6436	0.4831
T	0.0914	1.1123	0.8502	0.7111	1.279	0.5743	0.4884	0.8141	0.3221
V	1.0453	1.9205	1.417	2.2271	0.9436	0.2692	1.0935	1.1169	0.3385
W	4.6078	0.5426	0.5216	0.2537	0.6691	0.0507	0.6171	0.311	0.0758
Y	9.5386	1.1385	1.73	0.3805	1.0183	0.0698	1.3992	1.0434	0.1359

pepL	alpha	w_s
12	99.5307	0.083	0.1488	0	0.3949	0.3733
13	98.9574	0.0263	0.0764	0.2382	0.4675	0.1916
14	98.3293	0.0043	0.0259	0.161	0	0.4702	0.2976	0.0409
15	98.0138	0.0017	0.0096	0.0839	0.3761	0.4093	0.0998	0.0197
16	98.2233	8e-04	0.0022	0.03	0.2337	0	0.522	0.1562	0.0472	0.0079
17	98.7349	8e-04	0.0019	0.0146	0.1152	0.4294	0.2806	0.114	0.0362	0.0072
18	99.2174	5e-04	0.0013	0.0066	0.0433	0.2908	0	0.3312	0.218	0.0767	0.0267	0.005
19	99.5134	0.001	0.0012	0.0074	0.029	0.145	0.2323	0.2917	0.1843	0.0762	0.0263	0.0055
20	99.6911	0.001	0.0012	0.0048	0.0176	0.0704	0.1449	0	0.2809	0.2453	0.1596	0.0505	0.0192	0.0045
21	99.7886	0.0013	0.002	0.0054	0.0189	0.0569	0.1038	0.1384	0.2552	0.2215	0.1327	0.043	0.0166	0.0041
