Allele	DRB1_14_04
Version	2.0.2
Type	Standard
n_specificities	1
npep_u	1
npep_t	5000
spec_ids	1
L_core	9
L_N	0
L_C	0
CS_perL	1
pepL_lower	12
pepL_upper	21
n_diff_aa	20

PWM_norm.1	P1	P2	P3	P4	P5	P6	P7	P8	P9
A	0.1572	1.0134	1.3495	1.7613	0.8841	0.5965	1.2974	0.9515	0.5754
C	0.0769	0.1235	0.2696	0.4011	0.2152	0.0684	0.1568	0.0899	0.1992
D	0.0463	0.5913	0.4219	0.5866	1.8318	0.3057	0.8177	0.6004	0.133
E	0.0356	1.1077	0.6696	0.5104	1.4456	0.4841	1.5408	0.7425	0.1735
F	1.3114	0.8387	1.2268	1.0766	0.5356	0.1291	0.5311	0.2579	0.8919
G	0.0913	0.3517	0.4705	0.2018	0.624	0.2827	1.1931	0.8249	0.1055
H	0.0556	1.4385	0.9652	0.6301	1.0755	2.8631	0.5491	1.004	0.0978
I	8.8846	1.5961	2.0096	2.4593	1.0102	0.2498	1.0078	1.4471	5.5121
K	0.046	1.6684	1.0162	0.2304	1.709	6.4927	0.707	1.5714	0.0557
L	2.7486	0.8504	0.9537	1.378	0.46	0.0963	1.3548	1.2279	3.0635
M	1.5087	0.5381	1.2953	0.7542	0.5786	0.322	0.8921	0.7207	0.8799
N	0.0579	1.0123	0.8238	1.519	1.1864	0.553	1.9616	1.057	0.1991
P	0.0858	0.0588	1.1117	0.1157	1.1599	0.641	0.5805	1.7746	0.0689
Q	0.0423	1.22	1.0792	0.3386	1.1049	0.6971	1.1737	1.1179	0.2382
R	0.0456	1.7111	0.9864	0.1206	1.1311	3.7332	0.354	1.2407	0.1096
S	0.0422	0.7139	0.7106	1.6467	0.7927	0.3268	1.0412	0.5171	0.1295
T	0.1628	1.1123	0.7414	1.0811	1.2365	0.6876	0.7222	0.9624	0.4056
V	3.3713	1.9205	1.6615	2.8439	0.9296	0.5331	1.066	1.2119	4.1161
W	0.3518	0.5426	0.7682	0.1086	0.5826	0.1223	0.2956	0.1208	0.1265
Y	0.1942	1.1385	1.8325	0.3644	0.9046	0.213	1.14	1.0151	0.8162

pepL	alpha	w_s
12	99.5307	0.083	0.1488	0	0.3949	0.3733
13	98.9574	0.0263	0.0764	0.2382	0.4675	0.1916
14	98.3293	0.0043	0.0259	0.161	0	0.4702	0.2976	0.0409
15	98.0138	0.0017	0.0096	0.0839	0.3761	0.4093	0.0998	0.0197
16	98.2233	8e-04	0.0022	0.03	0.2337	0	0.522	0.1562	0.0472	0.0079
17	98.7349	8e-04	0.0019	0.0146	0.1152	0.4294	0.2806	0.114	0.0362	0.0072
18	99.2174	5e-04	0.0013	0.0066	0.0433	0.2908	0	0.3312	0.218	0.0767	0.0267	0.005
19	99.5134	0.001	0.0012	0.0074	0.029	0.145	0.2323	0.2917	0.1843	0.0762	0.0263	0.0055
20	99.6911	0.001	0.0012	0.0048	0.0176	0.0704	0.1449	0	0.2809	0.2453	0.1596	0.0505	0.0192	0.0045
21	99.7886	0.0013	0.002	0.0054	0.0189	0.0569	0.1038	0.1384	0.2552	0.2215	0.1327	0.043	0.0166	0.0041
