Allele	DRB1_04_31
Version	2.0.2
Type	Standard
n_specificities	1
npep_u	1
npep_t	5000
spec_ids	1
L_core	9
L_N	0
L_C	0
CS_perL	1
pepL_lower	12
pepL_upper	21
n_diff_aa	20

PWM_norm.1	P1	P2	P3	P4	P5	P6	P7	P8	P9
A	0.1029	1.0134	1.7896	2.5865	1.0777	0.6969	1.9091	1.1907	2.862
C	0.0559	0.1235	0.1773	0.2552	0.1127	0.1348	0.147	0.1031	0.2794
D	0.0374	0.5913	0.6067	1.2184	1.8563	3.4714	1.1708	0.5361	0.4451
E	0.0624	1.1077	0.4981	0.707	0.9585	0.15	0.7471	0.9168	0.4821
F	8.1933	0.8387	0.7551	1.6226	0.4832	0.0524	0.5071	0.5822	0.2438
G	0.0694	0.3517	0.8612	0.3443	0.8099	0.2492	0.5732	0.9812	2.9935
H	0.1308	1.4385	0.743	0.1462	0.9562	0.0884	0.3754	1.5526	0.8464
I	3.0425	1.5961	1.6708	2.4012	0.6874	0.3182	1.045	0.9874	0.3393
K	0.0618	1.6684	0.9375	0.2304	1.2238	0.0717	0.2477	1.5323	0.2865
L	1.4376	0.8504	0.7848	1.2921	0.5189	0.0937	1.1231	1.0968	0.1912
M	0.9853	0.5381	0.8268	1.5205	0.4225	0.0679	0.7833	0.5227	0.37
N	0.0742	1.0123	1.153	0.2958	1.3924	4.1824	3.2033	0.8925	0.8919
P	0.044	0.0588	1.4306	0.0443	1.6245	0.3899	1.5906	1.3067	0.4117
Q	0.0574	1.22	0.8201	0.3664	0.9644	0.0915	1.155	1.0777	2.6934
R	0.0413	1.7111	1.2889	0.1417	0.8573	0.0594	0.269	1.4316	0.252
S	0.0464	0.7139	0.9194	0.7189	1.453	2.46	1.0661	0.7486	2.1807
T	0.0914	1.1123	0.9179	1.2439	1.2148	4.197	0.817	0.86	0.6729
V	1.0453	1.9205	1.1717	2.6922	0.832	1.6814	1.076	0.9869	0.4655
W	4.6078	0.5426	0.2712	0.2318	0.293	0.0297	0.3962	0.306	0.0943
Y	9.5386	1.1385	1.4441	0.4454	0.7408	0.056	0.4439	1.066	0.1875

pepL	alpha	w_s
12	99.5307	0.083	0.1488	0	0.3949	0.3733
13	98.9574	0.0263	0.0764	0.2382	0.4675	0.1916
14	98.3293	0.0043	0.0259	0.161	0	0.4702	0.2976	0.0409
15	98.0138	0.0017	0.0096	0.0839	0.3761	0.4093	0.0998	0.0197
16	98.2233	8e-04	0.0022	0.03	0.2337	0	0.522	0.1562	0.0472	0.0079
17	98.7349	8e-04	0.0019	0.0146	0.1152	0.4294	0.2806	0.114	0.0362	0.0072
18	99.2174	5e-04	0.0013	0.0066	0.0433	0.2908	0	0.3312	0.218	0.0767	0.0267	0.005
19	99.5134	0.001	0.0012	0.0074	0.029	0.145	0.2323	0.2917	0.1843	0.0762	0.0263	0.0055
20	99.6911	0.001	0.0012	0.0048	0.0176	0.0704	0.1449	0	0.2809	0.2453	0.1596	0.0505	0.0192	0.0045
21	99.7886	0.0013	0.002	0.0054	0.0189	0.0569	0.1038	0.1384	0.2552	0.2215	0.1327	0.043	0.0166	0.0041
