Allele	DRB1_04_14
Version	2.0.2
Type	Standard
n_specificities	1
npep_u	1
npep_t	5000
spec_ids	1
L_core	9
L_N	0
L_C	0
CS_perL	1
pepL_lower	12
pepL_upper	21
n_diff_aa	20

PWM_norm.1	P1	P2	P3	P4	P5	P6	P7	P8	P9
A	0.1029	1.0134	1.4947	1.529	1.0928	1.0271	1.0077	1.1907	2.862
C	0.0559	0.1235	0.3518	0.1435	0.1433	0.1411	0.0997	0.1031	0.2794
D	0.0374	0.5913	0.3964	0.2483	1.0582	3.0807	0.5136	0.5361	0.4451
E	0.0624	1.1077	0.5622	0.5707	0.724	0.1368	0.4846	0.9168	0.4821
F	8.1933	0.8387	0.9663	2.5124	0.3491	0.0634	1.1129	0.5822	0.2438
G	0.0694	0.3517	0.7577	0.3814	0.8494	0.3059	0.2889	0.9812	2.9935
H	0.1308	1.4385	0.6806	3.0378	1.5996	0.0677	3.8563	1.5526	0.8464
I	3.0425	1.5961	2.0208	1.4435	0.7098	0.3702	0.7351	0.9874	0.3393
K	0.0618	1.6684	0.8987	2.1063	1.8685	0.075	1.2507	1.5323	0.2865
L	1.4376	0.8504	0.8004	0.7385	0.5731	0.1273	0.9654	1.0968	0.1912
M	0.9853	0.5381	0.9597	1.8169	0.8775	0.0772	0.4666	0.5227	0.37
N	0.0742	1.0123	1.5426	0.4168	1.2895	3.3126	1.7116	0.8925	0.8919
P	0.044	0.0588	1.0613	0.0548	1.8065	0.3952	0.3893	1.3067	0.4117
Q	0.0574	1.22	0.8485	1.2092	1.0151	0.0983	2.121	1.0777	2.6934
R	0.0413	1.7111	1.2654	0.8947	1.378	0.0522	2.8083	1.4316	0.252
S	0.0464	0.7139	0.9317	0.4542	0.853	2.5641	0.4682	0.7486	2.1807
T	0.0914	1.1123	0.9486	0.7141	0.9143	4.3723	0.6676	0.86	0.6729
V	1.0453	1.9205	1.2439	0.9965	0.9931	1.6796	0.6548	0.9869	0.4655
W	4.6078	0.5426	0.5341	4.2534	0.3121	0.0377	1.1253	0.306	0.0943
Y	9.5386	1.1385	1.6204	1.2508	0.859	0.0591	0.9803	1.066	0.1875

pepL	alpha	w_s
12	99.5307	0.083	0.1488	0	0.3949	0.3733
13	98.9574	0.0263	0.0764	0.2382	0.4675	0.1916
14	98.3293	0.0043	0.0259	0.161	0	0.4702	0.2976	0.0409
15	98.0138	0.0017	0.0096	0.0839	0.3761	0.4093	0.0998	0.0197
16	98.2233	8e-04	0.0022	0.03	0.2337	0	0.522	0.1562	0.0472	0.0079
17	98.7349	8e-04	0.0019	0.0146	0.1152	0.4294	0.2806	0.114	0.0362	0.0072
18	99.2174	5e-04	0.0013	0.0066	0.0433	0.2908	0	0.3312	0.218	0.0767	0.0267	0.005
19	99.5134	0.001	0.0012	0.0074	0.029	0.145	0.2323	0.2917	0.1843	0.0762	0.0263	0.0055
20	99.6911	0.001	0.0012	0.0048	0.0176	0.0704	0.1449	0	0.2809	0.2453	0.1596	0.0505	0.0192	0.0045
21	99.7886	0.0013	0.002	0.0054	0.0189	0.0569	0.1038	0.1384	0.2552	0.2215	0.1327	0.043	0.0166	0.0041
