Allele	DRB1_14_03
Version	2.0.2
Type	Standard
n_specificities	1
npep_u	1
npep_t	5000
spec_ids	1
L_core	9
L_N	0
L_C	0
CS_perL	1
pepL_lower	12
pepL_upper	21
n_diff_aa	20

PWM_norm.1	P1	P2	P3	P4	P5	P6	P7	P8	P9
A	0.1029	1.0134	1.7178	1.9884	0.9468	0.6789	1.0679	1.1907	0.6988
C	0.0559	0.1235	0.1609	0.313	0.1446	0.1148	0.1254	0.1031	0.269
D	0.0374	0.5913	0.6723	0.4818	0.9426	0.1994	0.5607	0.5361	0.2339
E	0.0624	1.1077	0.7628	0.5078	0.845	0.4191	1.2949	0.9168	0.5399
F	8.1933	0.8387	0.9102	0.6301	0.5936	0.4708	0.4489	0.5822	1.5199
G	0.0694	0.3517	0.6978	0.3767	0.7584	0.4476	1.1535	0.9812	0.5737
H	0.1308	1.4385	0.8092	0.3397	1.4217	2.7724	0.9311	1.5526	0.4924
I	3.0425	1.5961	2.1749	1.9874	0.8804	0.961	1.1379	0.9874	0.6987
K	0.0618	1.6684	0.9732	1.0275	2.342	3.1381	0.8954	1.5323	1.607
L	1.4376	0.8504	0.9001	1.6365	0.5165	0.3894	1.2756	1.0968	0.7971
M	0.9853	0.5381	1.1264	1.2708	0.6454	0.4909	0.8021	0.5227	1.5247
N	0.0742	1.0123	0.7105	1.8254	1.5594	1.0277	2.7756	0.8925	0.4253
P	0.044	0.0588	1.1473	0.0879	0.9811	0.8569	0.6471	1.3067	0.0988
Q	0.0574	1.22	0.902	0.3975	1.2047	0.9936	1.5088	1.0777	0.5586
R	0.0413	1.7111	0.7796	0.6036	1.275	3.8976	0.4956	1.4316	5.0972
S	0.0464	0.7139	0.8027	0.7335	0.9437	0.3738	0.762	0.7486	0.4453
T	0.0914	1.1123	0.8702	0.9296	1.2114	1.0546	0.762	0.86	0.4023
V	1.0453	1.9205	1.3679	2.5513	0.9553	1.0196	1.0744	0.9869	0.8838
W	4.6078	0.5426	0.3225	0.2527	0.4274	0.2554	0.437	0.306	0.3086
Y	9.5386	1.1385	1.5706	0.4667	0.8944	0.3465	1.0271	1.066	3.9837

pepL	alpha	w_s
12	99.5307	0.083	0.1488	0	0.3949	0.3733
13	98.9574	0.0263	0.0764	0.2382	0.4675	0.1916
14	98.3293	0.0043	0.0259	0.161	0	0.4702	0.2976	0.0409
15	98.0138	0.0017	0.0096	0.0839	0.3761	0.4093	0.0998	0.0197
16	98.2233	8e-04	0.0022	0.03	0.2337	0	0.522	0.1562	0.0472	0.0079
17	98.7349	8e-04	0.0019	0.0146	0.1152	0.4294	0.2806	0.114	0.0362	0.0072
18	99.2174	5e-04	0.0013	0.0066	0.0433	0.2908	0	0.3312	0.218	0.0767	0.0267	0.005
19	99.5134	0.001	0.0012	0.0074	0.029	0.145	0.2323	0.2917	0.1843	0.0762	0.0263	0.0055
20	99.6911	0.001	0.0012	0.0048	0.0176	0.0704	0.1449	0	0.2809	0.2453	0.1596	0.0505	0.0192	0.0045
21	99.7886	0.0013	0.002	0.0054	0.0189	0.0569	0.1038	0.1384	0.2552	0.2215	0.1327	0.043	0.0166	0.0041
