Allele	DRB1_15_04
Version	2.0.2
Type	Standard
n_specificities	1
npep_u	1
npep_t	5000
spec_ids	1
L_core	9
L_N	0
L_C	0
CS_perL	1
pepL_lower	12
pepL_upper	21
n_diff_aa	20

PWM_norm.1	P1	P2	P3	P4	P5	P6	P7	P8	P9
A	0.1572	1.0134	1.546	0.374	1.0743	1.5299	0.9454	1.1907	2.5987
C	0.0769	0.1235	0.2568	0.0706	0.1863	0.1439	0.1284	0.1031	0.6635
D	0.0463	0.5913	0.3118	0.1854	0.9599	2.013	0.7466	0.5361	0.1726
E	0.0356	1.1077	0.6123	0.2207	0.847	0.5575	0.6499	0.9168	0.2702
F	1.3114	0.8387	0.9845	6.2866	0.4641	0.1857	2.2995	0.5822	0.4114
G	0.0913	0.3517	0.6804	0.1386	0.6411	2.1014	0.8865	0.9812	0.8683
H	0.0556	1.4385	0.884	1.278	1.6382	0.2612	2.1585	1.5526	0.2507
I	8.8846	1.5961	2.0315	1.4444	0.6836	0.1882	1.198	0.9874	2.167
K	0.046	1.6684	0.901	0.2868	1.8854	0.1518	1.3377	1.5323	0.1829
L	2.7486	0.8504	0.9485	0.736	0.4814	0.073	0.8159	1.0968	2.1646
M	1.5087	0.5381	1.1	1.2077	0.4291	0.1086	0.7562	0.5227	0.6898
N	0.0579	1.0123	0.8255	0.3259	1.3998	4.7685	1.2692	0.8925	0.4426
P	0.0858	0.0588	0.9346	0.071	1.9224	0.215	0.9368	1.3067	0.1744
Q	0.0423	1.22	1.1168	0.5103	1.1738	0.3162	1.1189	1.0777	0.3786
R	0.0456	1.7111	1.2336	0.3962	1.2169	0.2536	1.4145	1.4316	0.4466
S	0.0422	0.7139	0.8389	0.1613	0.7991	3.6567	0.6343	0.7486	0.7041
T	0.1628	1.1123	0.8639	0.2645	1.119	0.5905	0.6739	0.86	0.9507
V	3.3713	1.9205	1.4124	0.9709	0.9574	0.1984	0.6819	0.9869	2.9789
W	0.3518	0.5426	0.783	4.0114	0.6746	0.1178	1.1905	0.306	0.0828
Y	0.1942	1.1385	1.6924	11.707	1.0505	0.3464	1.6671	1.066	0.2246

pepL	alpha	w_s
12	99.5307	0.083	0.1488	0	0.3949	0.3733
13	98.9574	0.0263	0.0764	0.2382	0.4675	0.1916
14	98.3293	0.0043	0.0259	0.161	0	0.4702	0.2976	0.0409
15	98.0138	0.0017	0.0096	0.0839	0.3761	0.4093	0.0998	0.0197
16	98.2233	8e-04	0.0022	0.03	0.2337	0	0.522	0.1562	0.0472	0.0079
17	98.7349	8e-04	0.0019	0.0146	0.1152	0.4294	0.2806	0.114	0.0362	0.0072
18	99.2174	5e-04	0.0013	0.0066	0.0433	0.2908	0	0.3312	0.218	0.0767	0.0267	0.005
19	99.5134	0.001	0.0012	0.0074	0.029	0.145	0.2323	0.2917	0.1843	0.0762	0.0263	0.0055
20	99.6911	0.001	0.0012	0.0048	0.0176	0.0704	0.1449	0	0.2809	0.2453	0.1596	0.0505	0.0192	0.0045
21	99.7886	0.0013	0.002	0.0054	0.0189	0.0569	0.1038	0.1384	0.2552	0.2215	0.1327	0.043	0.0166	0.0041
