Allele	DRB1_13_17
Version	2.0.2
Type	Standard
n_specificities	1
npep_u	1
npep_t	5000
spec_ids	1
L_core	9
L_N	0
L_C	0
CS_perL	1
pepL_lower	12
pepL_upper	21
n_diff_aa	20

PWM_norm.1	P1	P2	P3	P4	P5	P6	P7	P8	P9
A	0.1572	1.0134	1.4772	0.6341	0.7627	0.9069	0.7289	1.1907	2.862
C	0.0769	0.1235	0.3719	0.0878	0.2135	0.1181	0.1151	0.1031	0.2794
D	0.0463	0.5913	0.5436	0.1711	0.6735	0.5515	0.3112	0.5361	0.4451
E	0.0356	1.1077	0.7194	0.2869	0.7429	0.6351	0.6151	0.9168	0.4821
F	1.3114	0.8387	1.1623	2.8441	0.5677	0.2777	1.2395	0.5822	0.2438
G	0.0913	0.3517	0.7002	0.2128	0.9744	0.3764	0.5274	0.9812	2.9935
H	0.0556	1.4385	1.1218	4.9567	1.3994	1.9142	3.1715	1.5526	0.8464
I	8.8846	1.5961	2.0671	1.2559	0.8266	0.4344	1.0399	0.9874	0.3393
K	0.046	1.6684	0.9718	1.8892	2.4682	5.5924	2.0853	1.5323	0.2865
L	2.7486	0.8504	0.8722	1.3732	0.5354	0.2076	1.5293	1.0968	0.1912
M	1.5087	0.5381	1.1385	1.4345	0.8698	0.5523	0.6561	0.5227	0.37
N	0.0579	1.0123	0.8187	0.73	1.6078	0.7212	1.5562	0.8925	0.8919
P	0.0858	0.0588	0.9684	0.0522	1.302	0.5897	0.5956	1.3067	0.4117
Q	0.0423	1.22	1.03	0.791	1.2662	0.9608	1.3666	1.0777	2.6934
R	0.0456	1.7111	0.8776	1.3805	1.235	2.7491	1.5833	1.4316	0.252
S	0.0422	0.7139	0.723	0.1922	0.8041	0.4911	0.3523	0.7486	2.1807
T	0.1628	1.1123	0.9868	0.3475	1.231	0.8269	0.3662	0.86	0.6729
V	3.3713	1.9205	1.3133	0.9328	0.8253	0.6441	0.7328	0.9869	0.4655
W	0.3518	0.5426	0.8456	2.3618	0.7474	0.3835	1.0372	0.306	0.0943
Y	0.1942	1.1385	1.7408	3.3244	0.8635	0.3857	1.6138	1.066	0.1875

pepL	alpha	w_s
12	99.5307	0.083	0.1488	0	0.3949	0.3733
13	98.9574	0.0263	0.0764	0.2382	0.4675	0.1916
14	98.3293	0.0043	0.0259	0.161	0	0.4702	0.2976	0.0409
15	98.0138	0.0017	0.0096	0.0839	0.3761	0.4093	0.0998	0.0197
16	98.2233	8e-04	0.0022	0.03	0.2337	0	0.522	0.1562	0.0472	0.0079
17	98.7349	8e-04	0.0019	0.0146	0.1152	0.4294	0.2806	0.114	0.0362	0.0072
18	99.2174	5e-04	0.0013	0.0066	0.0433	0.2908	0	0.3312	0.218	0.0767	0.0267	0.005
19	99.5134	0.001	0.0012	0.0074	0.029	0.145	0.2323	0.2917	0.1843	0.0762	0.0263	0.0055
20	99.6911	0.001	0.0012	0.0048	0.0176	0.0704	0.1449	0	0.2809	0.2453	0.1596	0.0505	0.0192	0.0045
21	99.7886	0.0013	0.002	0.0054	0.0189	0.0569	0.1038	0.1384	0.2552	0.2215	0.1327	0.043	0.0166	0.0041
