Allele	DRB1_07_04
Version	2.0.2
Type	Standard
n_specificities	1
npep_u	1
npep_t	5000
spec_ids	1
L_core	9
L_N	0
L_C	0
CS_perL	1
pepL_lower	12
pepL_upper	21
n_diff_aa	20

PWM_norm.1	P1	P2	P3	P4	P5	P6	P7	P8	P9
A	0.1029	1.1728	1.5164	1.3186	1.3241	3.5194	0.6976	1.0497	0.6539
C	0.0559	0.1463	0.241	0.1132	0.1098	0.1482	0.1284	0.1463	0.1732
D	0.0374	0.6938	0.2663	0.2759	0.7867	0.4445	0.3876	0.6212	0.1508
E	0.0624	0.8267	0.6053	0.3136	0.6424	0.3098	1.1459	0.7709	0.1669
F	8.1933	1.1151	1.3044	0.8132	0.5243	0.2414	0.9345	0.7075	1.1943
G	0.0694	0.3881	0.5418	0.2188	0.7515	1.7146	0.5754	0.9215	0.1538
H	0.1308	1.3503	0.9553	0.6369	1.8937	0.1427	2.1918	0.9564	0.1084
I	3.0425	2.137	1.9526	1.318	0.9734	0.1659	1.4918	1.0167	6.1497
K	0.0618	1.2355	1.1357	0.1682	2.155	0.0663	1.0607	1.6	0.0385
L	1.4376	0.899	0.845	0.4687	0.5055	0.0582	1.1857	0.8835	2.7054
M	0.9853	0.5261	1.4776	0.4081	0.6421	0.12	0.5967	0.533	0.9032
N	0.0742	1.0668	0.8271	1.1463	1.0526	1.3374	2.3657	1.0779	0.1891
P	0.044	0.0556	1.261	0.0485	0.7175	0.8257	0.304	1.5533	0.0668
Q	0.0574	0.9425	1.111	0.4165	0.9125	0.3701	1.6432	0.8283	0.2027
R	0.0413	1.6553	1.0169	0.1319	1.5269	0.0672	0.9532	1.492	0.0688
S	0.0464	0.5805	0.7752	2.2645	0.8978	3.7598	0.5298	0.9957	0.1515
T	0.0914	1.2673	0.7624	4.6053	1.7153	1.4375	0.7931	1.0871	0.4672
V	1.0453	1.9538	1.2661	2.4999	1.2012	0.7311	1.6397	0.9827	3.9245
W	4.6078	0.5992	0.76	1.7299	0.2805	0.067	0.919	0.3088	0.1179
Y	9.5386	1.3535	1.8649	0.162	0.6468	0.1846	1.1444	1.0281	0.7966

pepL	alpha	w_s
12	99.5307	0.083	0.1488	0	0.3949	0.3733
13	98.9574	0.0263	0.0764	0.2382	0.4675	0.1916
14	98.3293	0.0043	0.0259	0.161	0	0.4702	0.2976	0.0409
15	98.0138	0.0017	0.0096	0.0839	0.3761	0.4093	0.0998	0.0197
16	98.2233	8e-04	0.0022	0.03	0.2337	0	0.522	0.1562	0.0472	0.0079
17	98.7349	8e-04	0.0019	0.0146	0.1152	0.4294	0.2806	0.114	0.0362	0.0072
18	99.2174	5e-04	0.0013	0.0066	0.0433	0.2908	0	0.3312	0.218	0.0767	0.0267	0.005
19	99.5134	0.001	0.0012	0.0074	0.029	0.145	0.2323	0.2917	0.1843	0.0762	0.0263	0.0055
20	99.6911	0.001	0.0012	0.0048	0.0176	0.0704	0.1449	0	0.2809	0.2453	0.1596	0.0505	0.0192	0.0045
21	99.7886	0.0013	0.002	0.0054	0.0189	0.0569	0.1038	0.1384	0.2552	0.2215	0.1327	0.043	0.0166	0.0041
