Allele	DRB1_13_10
Version	2.0.2
Type	Standard
n_specificities	1
npep_u	1
npep_t	5000
spec_ids	1
L_core	9
L_N	0
L_C	0
CS_perL	1
pepL_lower	12
pepL_upper	21
n_diff_aa	20

PWM_norm.1	P1	P2	P3	P4	P5	P6	P7	P8	P9
A	0.1572	1.0134	1.5913	1.4239	0.7812	0.5305	1.2229	1.1907	0.6988
C	0.0769	0.1235	0.2718	0.3401	0.1201	0.0454	0.1436	0.1031	0.269
D	0.0463	0.5913	0.4929	3.823	0.651	0.2269	0.5188	0.5361	0.2339
E	0.0356	1.1077	0.7973	1.4524	0.7018	0.3559	1.4662	0.9168	0.5399
F	1.3114	0.8387	1.0282	0.5083	0.523	0.0909	1.0578	0.5822	1.5199
G	0.0913	0.3517	0.6939	0.2566	1.0704	0.1763	0.555	0.9812	0.5737
H	0.0556	1.4385	0.7985	0.4281	1.2655	1.4787	1.1509	1.5526	0.4924
I	8.8846	1.5961	2.3664	1.4788	0.9	0.3462	1.0906	0.9874	0.6987
K	0.046	1.6684	0.8841	0.1895	2.6374	7.1325	0.7329	1.5323	1.607
L	2.7486	0.8504	0.917	0.7661	0.5421	0.1272	1.7144	1.0968	0.7971
M	1.5087	0.5381	1.1021	1.5666	0.7366	0.147	0.7707	0.5227	1.5247
N	0.0579	1.0123	0.8726	2.2028	1.2279	0.5916	2.0065	0.8925	0.4253
P	0.0858	0.0588	1.027	0.0529	1.0307	0.3332	0.9368	1.3067	0.0988
Q	0.0423	1.22	0.8557	1.2003	1.1204	0.568	0.8772	1.0777	0.5586
R	0.0456	1.7111	0.7933	0.1113	1.4605	4.4083	0.5501	1.4316	5.0972
S	0.0422	0.7139	0.7946	1.1195	0.8397	0.3153	0.6291	0.7486	0.4453
T	0.1628	1.1123	0.8502	1.0193	1.2141	0.829	0.5449	0.86	0.4023
V	3.3713	1.9205	1.417	1.1548	1.163	0.6054	1.1104	0.9869	0.8838
W	0.3518	0.5426	0.5216	0.1995	0.4993	0.0859	0.6289	0.306	0.3086
Y	0.1942	1.1385	1.73	0.2259	0.8106	0.1113	1.5758	1.066	3.9837

pepL	alpha	w_s
12	99.5307	0.083	0.1488	0	0.3949	0.3733
13	98.9574	0.0263	0.0764	0.2382	0.4675	0.1916
14	98.3293	0.0043	0.0259	0.161	0	0.4702	0.2976	0.0409
15	98.0138	0.0017	0.0096	0.0839	0.3761	0.4093	0.0998	0.0197
16	98.2233	8e-04	0.0022	0.03	0.2337	0	0.522	0.1562	0.0472	0.0079
17	98.7349	8e-04	0.0019	0.0146	0.1152	0.4294	0.2806	0.114	0.0362	0.0072
18	99.2174	5e-04	0.0013	0.0066	0.0433	0.2908	0	0.3312	0.218	0.0767	0.0267	0.005
19	99.5134	0.001	0.0012	0.0074	0.029	0.145	0.2323	0.2917	0.1843	0.0762	0.0263	0.0055
20	99.6911	0.001	0.0012	0.0048	0.0176	0.0704	0.1449	0	0.2809	0.2453	0.1596	0.0505	0.0192	0.0045
21	99.7886	0.0013	0.002	0.0054	0.0189	0.0569	0.1038	0.1384	0.2552	0.2215	0.1327	0.043	0.0166	0.0041
