Allele	DRB3_02_01
Version	2.0.2
Type	Standard
n_specificities	1
npep_u	1
npep_t	5000
spec_ids	1
L_core	9
L_N	0
L_C	0
CS_perL	1
pepL_lower	12
pepL_upper	21
n_diff_aa	20

PWM_norm.1	P1	P2	P3	P4	P5	P6	P7	P8	P9
A	0.1572	1.1728	1.3924	0.2784	0.7491	3.9174	0.9019	1.1907	1.5683
C	0.0769	0.1463	0.4571	0.0374	0.1168	0.4404	0.106	0.1031	0.8336
D	0.0463	0.6938	0.3063	1.8815	0.8686	0.3692	0.392	0.5361	1.0794
E	0.0356	0.8267	0.6214	0.1652	0.9417	0.5029	0.9382	0.9168	0.3191
F	1.3114	1.1151	0.9944	0.0848	0.4728	0.2749	0.4366	0.5822	0.2344
G	0.0913	0.3881	0.5949	0.2027	1.1115	1.5102	0.2684	0.9812	1.1378
H	0.0556	1.3503	0.6358	0.0999	1.5103	0.2055	0.7157	1.5526	0.5347
I	8.8846	2.137	2.3736	0.0902	0.7937	0.7854	1.4131	0.9874	1.0034
K	0.046	1.2355	0.8853	0.0652	1.7511	0.0968	0.3256	1.5323	0.4632
L	2.7486	0.899	1.0257	0.0459	0.5822	0.2808	0.4896	1.0968	0.8861
M	1.5087	0.5261	1.2596	0.0716	0.4626	0.2668	0.311	0.5227	0.57
N	0.0579	1.0668	0.9641	20.9687	1.0446	3.2568	1.8138	0.8925	4.406
P	0.0858	0.0556	1.1326	0.0312	1.7164	1.397	4.0366	1.3067	0.3252
Q	0.0423	0.9425	0.8167	0.2946	1.1397	0.6305	0.8574	1.0777	0.7041
R	0.0456	1.6553	0.8557	0.0554	1.1627	0.0708	0.257	1.4316	0.2873
S	0.0422	0.5805	0.8942	0.4988	0.8793	1.5003	0.7308	0.7486	1.4617
T	0.1628	1.2673	0.7626	0.2875	1.0846	0.8876	1.4454	0.86	0.904
V	3.3713	1.9538	1.6213	0.1793	1.4271	0.9732	2.1328	0.9869	1.9878
W	0.3518	0.5992	0.6707	0.0553	0.3769	0.0705	0.3448	0.306	0.1287
Y	0.1942	1.3535	1.7077	0.0377	0.5641	0.1762	0.5055	1.066	0.3582

pepL	alpha	w_s
12	99.5307	0.083	0.1488	0	0.3949	0.3733
13	98.9574	0.0263	0.0764	0.2382	0.4675	0.1916
14	98.3293	0.0043	0.0259	0.161	0	0.4702	0.2976	0.0409
15	98.0138	0.0017	0.0096	0.0839	0.3761	0.4093	0.0998	0.0197
16	98.2233	8e-04	0.0022	0.03	0.2337	0	0.522	0.1562	0.0472	0.0079
17	98.7349	8e-04	0.0019	0.0146	0.1152	0.4294	0.2806	0.114	0.0362	0.0072
18	99.2174	5e-04	0.0013	0.0066	0.0433	0.2908	0	0.3312	0.218	0.0767	0.0267	0.005
19	99.5134	0.001	0.0012	0.0074	0.029	0.145	0.2323	0.2917	0.1843	0.0762	0.0263	0.0055
20	99.6911	0.001	0.0012	0.0048	0.0176	0.0704	0.1449	0	0.2809	0.2453	0.1596	0.0505	0.0192	0.0045
21	99.7886	0.0013	0.002	0.0054	0.0189	0.0569	0.1038	0.1384	0.2552	0.2215	0.1327	0.043	0.0166	0.0041
