Allele	DRB4_01_02
Version	2.0.2
Type	Standard
n_specificities	1
npep_u	1
npep_t	5000
spec_ids	1
L_core	9
L_N	0
L_C	0
CS_perL	1
pepL_lower	12
pepL_upper	21
n_diff_aa	20

PWM_norm.1	P1	P2	P3	P4	P5	P6	P7	P8	P9
A	0.1245	1.3386	1.0889	1.4282	2.0641	0.3635	0.162	1.1907	2.6387
C	0.0614	0.1737	0.2035	0.1508	0.1236	0.0691	0.0245	0.1031	0.4889
D	0.0484	0.8119	0.4075	0.416	0.9919	0.1252	16.0046	0.5361	0.556
E	0.0261	0.6006	0.5967	1.5264	1.066	0.106	0.6572	0.9168	0.3809
F	0.7061	0.1991	0.7765	0.2063	0.3244	0.2276	0.1615	0.5822	0.2053
G	0.0614	0.3163	0.2846	0.2102	0.7095	0.2133	0.1472	0.9812	2.5977
H	0.0445	2.0493	0.512	0.1711	1.5368	0.289	0.144	1.5526	0.7801
I	8.757	0.6448	1.8493	1.3761	0.6709	3.0985	0.1565	0.9874	0.5318
K	0.0412	2.0491	0.9926	0.0784	2.1227	0.0695	0.091	1.5323	0.3256
L	3.4283	0.4899	1.2985	0.4842	0.6718	2.7523	0.1163	1.0968	0.2807
M	1.1449	0.7268	1.2399	0.8819	0.4923	0.5898	0.137	0.5227	0.4176
N	0.0538	2.1486	0.903	0.279	0.9991	1.4852	0.5862	0.8925	1.3982
P	0.0852	0.0938	0.733	0.0229	1.0233	0.9424	0.2345	1.3067	0.4562
Q	0.0371	1.2533	1.077	9.8828	1.1378	0.48	0.551	1.0777	1.7706
R	0.0383	3.0575	1.4079	0.0893	0.6962	0.1635	0.0779	1.4316	0.2262
S	0.0343	0.7235	0.6694	0.6199	0.5895	0.2177	0.2749	0.7486	2.4284
T	0.1216	1.0475	0.5248	0.5118	0.9001	1.3183	0.3794	0.86	0.8537
V	3.0884	1.0149	2.6372	0.5985	1.3932	4.425	0.136	0.9869	0.7128
W	0.1475	0.1668	0.2782	0.0706	0.3823	0.0699	0.0504	0.306	0.1041
Y	0.0859	1.2626	1.8636	0.1141	0.8454	0.2105	0.1282	1.066	0.1992

pepL	alpha	w_s
12	99.5307	0.083	0.1488	0	0.3949	0.3733
13	98.9574	0.0263	0.0764	0.2382	0.4675	0.1916
14	98.3293	0.0043	0.0259	0.161	0	0.4702	0.2976	0.0409
15	98.0138	0.0017	0.0096	0.0839	0.3761	0.4093	0.0998	0.0197
16	98.2233	8e-04	0.0022	0.03	0.2337	0	0.522	0.1562	0.0472	0.0079
17	98.7349	8e-04	0.0019	0.0146	0.1152	0.4294	0.2806	0.114	0.0362	0.0072
18	99.2174	5e-04	0.0013	0.0066	0.0433	0.2908	0	0.3312	0.218	0.0767	0.0267	0.005
19	99.5134	0.001	0.0012	0.0074	0.029	0.145	0.2323	0.2917	0.1843	0.0762	0.0263	0.0055
20	99.6911	0.001	0.0012	0.0048	0.0176	0.0704	0.1449	0	0.2809	0.2453	0.1596	0.0505	0.0192	0.0045
21	99.7886	0.0013	0.002	0.0054	0.0189	0.0569	0.1038	0.1384	0.2552	0.2215	0.1327	0.043	0.0166	0.0041
