Allele	DRB5_01_02
Version	2.0.2
Type	Standard
n_specificities	1
npep_u	1
npep_t	5000
spec_ids	1
L_core	9
L_N	0
L_C	0
CS_perL	1
pepL_lower	12
pepL_upper	21
n_diff_aa	20

PWM_norm.1	P1	P2	P3	P4	P5	P6	P7	P8	P9
A	0.1029	1.0134	1.6392	2.7194	1.063	4.6728	1.1991	1.1907	0.6165
C	0.0559	0.1235	0.1821	0.2596	0.1392	0.0992	0.0844	0.1031	0.1168
D	0.0374	0.5913	0.3534	0.1815	0.7246	0.4145	0.32	0.5361	0.2086
E	0.0624	1.1077	0.8159	2.0072	0.9287	0.6346	0.635	0.9168	0.4555
F	8.1933	0.8387	1.3645	0.8196	0.5258	0.0835	1.6116	0.5822	0.4004
G	0.0694	0.3517	0.5615	0.2605	0.6669	2.1151	0.951	0.9812	0.5228
H	0.1308	1.4385	0.8948	0.2163	1.4895	0.2325	2.9076	1.5526	0.5844
I	3.0425	1.5961	2.4006	2.2197	0.8924	0.184	1.0205	0.9874	0.4754
K	0.0618	1.6684	1.025	0.239	2.438	0.101	1.8892	1.5323	2.3173
L	1.4376	0.8504	0.768	1.3132	0.5683	0.0578	1.0599	1.0968	0.59
M	0.9853	0.5381	1.6111	2.818	0.6197	0.1286	0.8532	0.5227	0.5143
N	0.0742	1.0123	0.8053	0.1327	1.1183	1.2302	1.2791	0.8925	0.3908
P	0.044	0.0588	0.9551	0.0305	1.0211	0.7984	0.4754	1.3067	0.0717
Q	0.0574	1.22	1.0229	1.7156	1.1974	0.7859	1.254	1.0777	0.5921
R	0.0413	1.7111	0.8952	0.1267	1.3597	0.1065	1.3287	1.4316	8.0962
S	0.0464	0.7139	0.7047	0.649	0.8474	2.1258	0.503	0.7486	0.395
T	0.0914	1.1123	0.8635	0.7087	1.2607	1.5681	0.6717	0.86	0.2205
V	1.0453	1.9205	1.2535	1.6171	1.1177	0.5709	0.8473	0.9869	0.5927
W	4.6078	0.5426	0.6653	0.3731	0.4623	0.0304	0.7068	0.306	0.0914
Y	9.5386	1.1385	1.7366	0.3251	0.7691	0.0761	1.2851	1.066	1.4761

pepL	alpha	w_s
12	99.5307	0.083	0.1488	0	0.3949	0.3733
13	98.9574	0.0263	0.0764	0.2382	0.4675	0.1916
14	98.3293	0.0043	0.0259	0.161	0	0.4702	0.2976	0.0409
15	98.0138	0.0017	0.0096	0.0839	0.3761	0.4093	0.0998	0.0197
16	98.2233	8e-04	0.0022	0.03	0.2337	0	0.522	0.1562	0.0472	0.0079
17	98.7349	8e-04	0.0019	0.0146	0.1152	0.4294	0.2806	0.114	0.0362	0.0072
18	99.2174	5e-04	0.0013	0.0066	0.0433	0.2908	0	0.3312	0.218	0.0767	0.0267	0.005
19	99.5134	0.001	0.0012	0.0074	0.029	0.145	0.2323	0.2917	0.1843	0.0762	0.0263	0.0055
20	99.6911	0.001	0.0012	0.0048	0.0176	0.0704	0.1449	0	0.2809	0.2453	0.1596	0.0505	0.0192	0.0045
21	99.7886	0.0013	0.002	0.0054	0.0189	0.0569	0.1038	0.1384	0.2552	0.2215	0.1327	0.043	0.0166	0.0041
