#Seq2Logo.py -f data\11-ID-2020-11-14\Inferon\peptide_AB190613_1106_IFN_PEAKS10_DT9.txt --format [PNG] -o app\static\images\11-ID-2020-11-14\Inferon\seqlogos\peptide_AB190613_1106_IFN_PEAKS10_DT9
Last position-specific scoring matrix computed, values are in halfbits
A R N D C Q E G H I L K M F P S T W Y V
0 K 0.618 1.532 -0.709 -4.836 -7.711 0.059 -4.468 -2.227 1.697 0.135 -1.476 1.987 -2.903 2.797 -8.541 0.829 0.115 -2.151 2.196 -0.143
1 R -0.908 5.788 -5.511 -5.339 -8.068 -0.989 -4.624 -3.497 -2.124 -1.841 -1.522 -1.238 -4.39 -3.28 0.663 -1.016 0.545 -6.833 2.996 -0.401
2 F 0.87 -0.213 1.005 -3.105 -6.777 -0.746 -4.198 -1.851 1.304 0.139 -2.089 -0.055 -2.78 2.907 2.244 -0.025 -1.168 -2.302 2.914 -0.552
3 P -1.117 -3.195 0.296 2.534 -6.988 0.308 1.784 0.674 -0.056 -2.095 -1.454 -1.128 -4.522 -1.257 3.131 0.02 -0.811 -0.038 -2.648 -1.477
4 L -1.262 0.548 -0.229 -1.966 -6.807 -0.65 -1.573 -0.085 2.258 0.725 0.721 0.357 -1.638 1.996 0.126 -1.64 -1.045 1.257 1.065 0.61
5 V -0.321 -1.159 -2.094 -2.792 -7.421 -0.318 -0.945 -1.964 -0.444 2.611 0.459 -1.975 -3.22 0.001 1.715 -1.501 0.303 -2.241 -0.897 2.661
6 R -2.329 3.458 0.236 -4.374 -7.884 1.669 -2.039 -4.453 1.514 1.003 0.366 0.025 -3.092 0.964 -1.575 -1.215 -0.651 0.032 0.769 0.912
7 L -0.682 0.536 -1.162 -2.853 -7.707 1.115 1.062 -3.643 0.748 -0.544 0.71 0.457 -2.396 0.391 -3.482 0.577 0.504 -0.216 2.04 0.818
8 L -4.785 -0.176 -7.23 -7.673 -7.537 -6.978 -8.72 -9.146 -2.241 0.826 3.661 1.431 -1.703 2.293 -7.053 -8.881 -6.226 2.387 3.477 2.39