#Seq2Logo.py -f data/202101233/VMM/VMM1_1st_nil_DT9_peptide.txt -o app/static/images/202101233/VMM/seqlogos/VMM1_1st_nil_DT9_peptide --format [JPEG] -t VMM1_1st_nil_DT9_peptide -S 2 -I 2
Last position-specific scoring matrix computed, values are in halfbits
A R N D C Q E G H I L K M F P S T W Y V
1 A 2.12 -1.154 -1.1 -0.072 -3.296 0.342 -0.363 -1.015 2.003 -1.174 -1.879 0.883 -3.103 -0.783 -5.401 1.722 0.192 -5.384 1.428 -0.033
2 R 1.311 4.079 -2.644 -3.93 -4.499 -0.997 1.893 -1.447 -1.579 -1.475 -0.909 -2.499 -2.556 -4.33 -3.79 -0.251 0.648 -5.638 0.267 1.064
3 Y 1.262 -3.257 0.583 -0.9 -4.472 -2.724 -2.818 -1.111 0.402 0.415 -2.088 -0.686 -4.299 1.992 1.228 0.684 -0.909 -2.588 4.307 -0.477
4 P -0.316 -3.802 0.62 2.606 -4.851 -0.008 1.324 1.102 -1.036 -2.545 -1.911 -0.737 -4.113 -2.586 3.275 0.226 -0.722 -4.085 -1.636 -1.833
5 K -0.674 -0.392 -0.129 -1.599 -4.635 0.361 -0.463 0.529 2.089 0.833 -0.74 1.513 -2.511 0.398 0.955 -0.954 -0.388 -5.576 -0.09 0.612
6 V -0.038 -0.899 -2.178 -2.923 -4.207 -0.164 -1.282 -1.307 0.534 2.208 -0.701 -0.736 -2.715 -2.454 1.96 -0.698 0.905 -3.905 -0.889 2.689
7 R -1.291 3.753 0.387 -3.783 -4.743 1.595 -1.63 -3.226 1.022 0.36 -1.062 1.76 -2.93 -1.514 -1.173 -0.834 -0.368 -5.718 -0.771 1.158
8 K -0.002 0.326 0.768 -2.173 -4.669 1.766 0.777 -1.019 2.387 -1.236 -0.956 1.694 -3.052 -2.252 -2.322 -0.217 0.949 -2.601 1.163 -0.098
9 L -3.589 -1.264 -4.783 -6.435 -4.222 -4.338 -5.956 -6.474 -0.839 1.239 3.33 1.326 -1.664 0.228 -4.559 -5.608 -3.87 -4.536 3.759 3.145