#Seq2Logo.py -f /var/www/firstdemo/app/static/images/202208221407254/HPLC/gibbscluster/1st_Exp_HPLC/cores/gibbs.1of4.core -o /var/www/firstdemo/app/static/images/202208221407254/HPLC/gibbscluster/1st_Exp_HPLC/logos/gibbs_logos_1of4 -I 2 --format [JPEG] -b 200 -C 2 -t Group 1 of 4
Last position-specific scoring matrix computed, values are in halfbits
A R N D C Q E G H I L K M F P S T W Y V
0 L -3.423 -3.088 0.931 1.785 -6.6 1.274 0.588 -2.964 2.423 -0.289 0.444 -2.634 3.165 2.013 -4.946 -0.957 0.789 -3.729 1.903 -1.322
1 P 0.563 -6.311 -2.826 -0.386 -2.218 0.81 -2.196 0.977 -6.819 -2.274 -0.664 -5.029 1.349 -2.245 5.776 -1.273 -3.856 -6.274 -6.705 -0.643
2 R 0.368 2.375 1.524 -4.532 -4.779 0.487 -4.689 -3.946 2.991 1.102 -2.704 1.752 1.996 1.779 -3.287 -0.997 -3.714 -6.799 2.507 -0.631
3 E 0.321 -1.375 -0.522 0.831 -5.492 0.864 1.832 0.686 -1.927 -1.48 -0.568 -0.524 -1.397 -2.011 1.944 0.211 -0.301 -3.116 -1.428 -0.48
4 E -0.723 -3.033 0.344 0.669 -3.646 1.413 2.043 1.049 0.176 -0.4 -1.148 -1.187 -1.061 -2.209 0.285 0.789 0.7 -1.408 -1.82 -0.79
5 T -0.945 -0.641 -0.026 -0.824 -6.391 1.526 0.316 0.049 0.368 0.161 -0.198 0.173 -0.936 -0.271 -0.53 0.238 1.484 -3.328 -1.146 0.501
6 V 0.38 -2.679 -0.469 -3.578 -6.039 2.02 0.551 -1.952 -1.655 0.91 -0.238 -2.215 -0.395 -2.622 -2.797 1.099 2.196 -4.768 -1.604 2.101
7 S 1.564 -2.19 -1.504 -2.674 -6.042 1.868 0.853 -0.302 -0.951 -2.715 -1.699 -1.419 -1.826 -3.428 -1.826 2.155 2.319 -4.834 -3.33 1.274
8 Y -5.354 -3.792 -4.914 -7.749 -7.056 -5.598 -5.859 -5.826 -1.46 -2.16 -3.439 -4.056 -1.191 4.61 -5.165 -4.467 -5.48 -4.028 8.295 -1.82