#Seq2Logo.py -f /var/www/firstdemo/app/static/images/202208221407254/HPLC/gibbscluster/1st_Exp_HPLC/cores/gibbs.4of4.core -o /var/www/firstdemo/app/static/images/202208221407254/HPLC/gibbscluster/1st_Exp_HPLC/logos/gibbs_logos_4of4 -I 2 --format [JPEG] -b 200 -C 2 -t Group 4 of 4
Last position-specific scoring matrix computed, values are in halfbits
A R N D C Q E G H I L K M F P S T W Y V
0 F 1.177 -2.618 -1.593 -3.4 -3.824 -0.695 -4.117 -2.728 0.755 0.737 0.64 -2.379 -0.335 3.457 -0.853 0.515 -0.239 -2.705 2.22 1.037
1 A 4.925 -3.499 -4.223 -3.49 -5.431 -0.25 -4.546 0.158 -1.047 -1.303 -4.183 -4.103 -2.405 -4.559 0.394 1.478 0.08 -7.878 -3.964 -0.004
2 A 1.54 -4.716 0.034 0.432 -3.338 -0.311 -0.47 -1.159 -0.347 1.719 -0.703 -2.331 0.813 -1.184 -1.119 0.45 -0.147 -3.47 0.228 1.757
3 P 0.789 -1.903 -0.91 1.083 -3.977 -0.741 0.953 0.317 -0.648 -1.074 -0.747 -1.905 -1.635 -0.822 3.427 0.527 -0.513 -3.373 -2.242 -1.089
4 P 1.107 -0.187 0.316 -2.661 -6.102 -0.972 -1.946 -0.166 0.436 -1.202 -1.411 -2.123 -2.402 -2.237 3.635 0.649 0.329 -7.779 -1.035 1.535
5 G 0.858 -1.511 -0.559 -2.736 -3.371 -0.254 -2.904 2.029 -0.154 -1.009 -0.317 -2.522 -2.207 0.275 1.085 1.812 1.401 -4.619 -1.62 -0.287
6 L 0.255 1.226 -0.39 -2.826 -3.909 0.769 -2.748 -2.17 2.003 -1.599 1.302 -0.03 -0.17 -2.269 2.139 1.163 0.352 -5.805 -2.712 -0.722
7 A 2.412 -3.876 -2.158 -2.323 -2.88 -0.027 0.741 -3.572 -0.924 -0.668 -1.018 -3.515 -3.287 -2.373 0.986 2.458 1.249 -3.868 -1.259 1.167
8 L -2.002 -1.13 -5.419 -4.543 -5.88 -3.626 -4.66 -4.472 -3.826 -1.286 4.877 -2.231 2.695 0.395 -1.147 -3.134 -1.128 -3.641 0.484 -0.906