#Seq2Logo.py -f /var/www/firstdemo/app/static/images/202208221407254/HPLC/gibbscluster/1st_Exp_HPLC/cores/gibbs.2of2.core -o /var/www/firstdemo/app/static/images/202208221407254/HPLC/gibbscluster/1st_Exp_HPLC/logos/gibbs_logos_2of2 -I 2 --format [JPEG] -b 200 -C 2 -t Group 2 of 2
Last position-specific scoring matrix computed, values are in halfbits
A R N D C Q E G H I L K M F P S T W Y V
0 L -0.37 -2.895 -0.224 0.174 -5.594 0.435 -0.743 -2.974 1.756 0.156 0.73 -2.432 2.074 2.66 -1.804 -0.16 0.25 -3.534 2.069 0.15
1 A 3.61 -5.025 -3.87 -1.357 -4.087 0.186 -2.446 0.532 -3.266 -2.678 -2.132 -5.097 0.192 -3.353 4.335 0.527 -1.262 -7.934 -4.966 -0.691
2 A 1.008 0.67 1.039 -1.133 -4.602 0.386 -2.014 -2.139 1.684 1.247 -1.586 0.416 1.453 0.704 -1.263 -0.26 -1.989 -6.076 1.753 0.749
3 P 0.497 -1.59 -0.57 0.95 -5.902 0.34 1.391 0.279 -1.461 -1.02 -0.585 -1.347 -1.588 -1.466 2.881 0.574 -0.471 -3.192 -2.022 -0.868
4 P 0.351 -1.385 0.276 -0.552 -5.382 0.552 0.786 0.596 0.463 -0.574 -1.089 -1.792 -1.673 -1.672 2.386 0.602 0.389 -3.23 -1.595 0.419
5 S 0.115 -1.177 -0.248 -1.605 -5.345 0.895 -0.423 1.102 0.238 -0.57 -0.12 -0.908 -1.474 0.017 0.541 0.968 1.348 -5.031 -1.348 0.15
6 L 0.231 -0.346 -0.353 -3.209 -5.655 1.616 -0.492 -1.908 0.345 -0.012 0.59 -1.284 -0.43 -2.696 0.473 1.229 1.517 -9.455 -2.072 1.235
7 S 2.103 -3.079 -1.951 -2.67 -4.829 1.159 0.569 -1.508 -0.654 -1.729 -1.254 -2.273 -2.773 -2.81 0.066 2.294 1.898 -4.671 -1.835 1.193
8 Y -3.16 -1.717 -5.291 -6.265 -5.009 -4.909 -5.405 -5.162 -2.835 -1.974 2.972 -2.702 1.229 3.233 -2.056 -3.691 -2.584 -4.695 6.59 -1.895