#Seq2Logo.py -f /var/www/firstdemo/app/static/images/202208221407254/HPLC/gibbscluster/1st_Exp_HPLC/cores/gibbs.3of4.core -o /var/www/firstdemo/app/static/images/202208221407254/HPLC/gibbscluster/1st_Exp_HPLC/logos/gibbs_logos_3of4 -I 2 --format [JPEG] -b 200 -C 2 -t Group 3 of 4
Last position-specific scoring matrix computed, values are in halfbits
A R N D C Q E G H I L K M F P S T W Y V
0 A 1.555 -0.116 -1.965 -6.422 -6.994 -1.388 -3.245 0.215 1.011 0.319 -1.502 1.785 0.356 0.916 -5.242 0.607 1.124 -4.452 2.386 0.182
1 L -4.424 -7.303 -5.269 -4.434 -6.649 0.227 -4.472 -8.269 -7.178 1.041 5.356 -7.116 3.901 -5.438 -5.59 -4.137 -1.908 -8.193 -6.005 -0.479
2 A 1.463 -5.343 0.913 1.148 -5.688 1.711 -2.717 -2.473 1.111 1.176 -0.266 -4.642 0.937 -0.351 -5.229 0.943 0.56 -0.646 1.808 -0.068
3 D -0.943 -2.831 0.718 4.405 -5.156 -0.616 3.7 -0.273 -0.356 -2.92 -4.128 -2.007 -4.935 -3.984 -2.111 1.286 -1.556 -5.79 -6.192 -4.066
4 L -0.392 -0.873 -0.641 -1.668 -7.094 -0.764 0.131 -1.095 2.891 2.035 0.889 -0.072 -0.405 0.711 -5.078 -1.44 -1.048 -5.419 0.486 1.702
5 I -0.763 -2.626 1.777 -1.04 -7.042 0.824 0.908 -3.977 -1.712 3.127 1.113 -1.527 -1.624 -1.823 -2.284 0.057 -0.902 -8.362 -0.604 0.848
6 L 0.13 -4.048 -0.501 -1.592 -7.113 0.904 1.178 -5.31 2.609 1.15 0.652 -2.867 0.264 -0.543 0.438 -1.196 1.124 -1.622 1.933 0.522
7 L -0.197 1.436 0.79 -3.439 -7.326 1.785 0.785 -1.679 1.623 -3.734 0.292 1.014 -1.679 -1.035 -6.094 0.913 0.787 -7.888 2.124 -1.49
8 L -1.148 -3.521 -6.586 -9.44 -5.027 -6.956 -6.832 -7.817 -6.67 0.689 4.302 -3.362 0.275 -5.522 -5.691 -6.606 -4.704 -6.671 -7.629 4.771