#Seq2Logo.py -f /var/www/firstdemo/app/static/images/202208221407254/HPLC/gibbscluster/1st_Exp_HPLC/cores/gibbs.1of3.core -o /var/www/firstdemo/app/static/images/202208221407254/HPLC/gibbscluster/1st_Exp_HPLC/logos/gibbs_logos_1of3 -I 2 --format [JPEG] -b 200 -C 2 -t Group 1 of 3
Last position-specific scoring matrix computed, values are in halfbits
A R N D C Q E G H I L K M F P S T W Y V
0 S 0.378 1.131 -1.012 -5.043 -7.561 -1.122 -4.593 0.43 1.199 -0.078 -2.306 1.878 -1.425 0.275 -3.445 2.075 0.872 -2.98 1.437 0.308
1 L -5.125 -8.795 -5.665 -5.09 -5.644 -0.239 -5.372 -6.14 -5.426 2.443 4.719 -7.214 4.393 -4.856 -8.714 -7.216 -0.927 -6.0 -4.538 1.678
2 L 1.06 -6.623 -0.495 2.094 -7.456 -2.435 -4.47 -2.005 -0.63 0.713 2.006 -4.37 1.924 1.303 -0.326 -0.311 -0.783 0.548 0.966 -0.358
3 E -0.759 -2.43 -1.326 2.658 -5.062 1.124 2.638 0.618 0.59 -4.075 -2.619 -1.237 -4.993 -2.672 2.512 0.754 0.476 -5.093 -4.083 -2.695
4 S 0.253 -0.646 0.276 0.093 -7.651 0.721 0.366 -0.603 1.835 -0.039 -2.016 0.38 -2.035 -1.357 -0.799 0.839 0.933 -6.06 -0.031 1.075
5 V -3.002 -5.97 -1.527 -2.541 -5.059 -1.218 -2.144 -2.815 -3.384 2.746 1.364 -2.717 -0.613 -0.76 2.196 -0.798 0.827 -6.117 -2.493 3.264
6 P -0.492 -2.195 -1.828 -2.688 -7.597 1.059 -1.377 -7.253 3.192 0.323 -0.034 -1.485 -0.084 -0.213 3.384 -0.839 0.657 -2.777 0.033 1.763
7 T 0.379 -0.537 0.541 -3.288 -5.417 1.823 1.393 0.129 1.054 -3.461 -1.482 1.265 0.118 -2.941 -2.482 1.135 2.228 -8.911 -0.756 -1.989
8 V 1.278 -3.975 -5.882 -9.684 -6.729 -5.797 -9.433 -5.843 -4.243 0.473 1.625 -4.447 -0.081 -5.141 -8.022 -4.857 -3.97 -9.091 -6.191 6.036