#Seq2Logo.py -f /var/www/firstdemo/app/static/images/202208221407254/HPLC/gibbscluster/1st_Exp_HPLC/cores/gibbs.2of5.core -o /var/www/firstdemo/app/static/images/202208221407254/HPLC/gibbscluster/1st_Exp_HPLC/logos/gibbs_logos_2of5 -I 2 --format [JPEG] -b 200 -C 2 -t Group 2 of 5
Last position-specific scoring matrix computed, values are in halfbits
A R N D C Q E G H I L K M F P S T W Y V
0 L -1.978 -2.729 -1.22 -1.566 -1.947 -0.101 -0.897 -0.286 -0.758 -1.182 1.469 -0.283 0.441 1.913 1.693 -0.247 -0.284 -1.064 0.819 1.121
1 L -0.35 -2.258 -0.192 -0.263 -1.89 0.756 -0.577 0.554 0.479 0.247 2.142 -3.286 1.41 -1.092 -2.027 -0.525 0.296 -3.075 -1.252 0.552
2 D -0.861 -2.227 -1.392 2.28 -0.182 -0.4 0.544 0.3 0.37 -1.465 -0.11 -1.489 -1.511 1.164 1.983 0.216 -1.325 -4.156 0.175 -0.124
3 L 0.572 -2.525 -1.167 -0.863 -2.381 0.54 -0.997 -0.019 -1.547 -0.339 1.204 -0.687 -2.743 -0.821 2.337 0.585 0.172 -6.229 -1.486 0.395
4 L 0.68 -0.983 -2.313 -1.166 -2.931 -0.148 -1.715 0.798 -1.018 -0.019 1.421 -1.519 -0.572 -0.192 0.557 0.037 0.827 -5.896 0.15 0.569
5 L 0.152 -3.123 0.204 -1.024 -1.507 -1.864 0.778 -2.256 -2.171 -0.696 1.404 -0.512 -1.739 0.491 2.726 -0.322 0.001 -2.303 -0.981 0.441
6 L 0.543 -1.343 -0.519 -0.919 -2.08 -1.548 -1.309 -0.859 -1.597 0.549 2.243 -1.902 -1.701 -0.779 1.117 -0.399 -0.675 -2.298 -1.087 1.46
7 L 0.881 -2.785 0.042 -0.673 -1.105 -0.528 -3.609 0.238 -3.033 0.707 1.785 -1.032 -0.055 0.098 1.745 -0.074 -0.21 -2.266 -0.141 -1.356
8 L 0.211 0.651 -1.04 -3.105 -1.449 -0.915 -1.923 -1.509 -0.822 -0.004 1.881 1.174 -0.895 -3.102 0.413 -0.531 -0.02 -4.339 -3.373 2.016