#Seq2Logo.py -f /var/www/firstdemo/app/static/images/202208221407254/HPLC/gibbscluster/1st_Exp_HPLC/cores/gibbs.2of4.core -o /var/www/firstdemo/app/static/images/202208221407254/HPLC/gibbscluster/1st_Exp_HPLC/logos/gibbs_logos_2of4 -I 2 --format [JPEG] -b 200 -C 2 -t Group 2 of 4
Last position-specific scoring matrix computed, values are in halfbits
A R N D C Q E G H I L K M F P S T W Y V
0 S 1.115 1.09 -1.945 -6.722 -3.921 -0.713 -6.3 -0.017 0.493 0.44 -1.269 1.844 -2.645 1.561 -3.382 1.475 -0.406 -2.298 1.335 0.819
1 L -3.427 -7.811 -4.509 -7.59 -3.762 -1.087 -5.169 -6.372 -5.855 2.089 5.027 -6.06 3.683 -4.288 -9.676 -7.227 -1.788 -5.467 -5.253 1.472
2 L -0.143 -6.625 -1.96 2.96 -4.87 0.597 -2.363 -1.918 0.301 0.122 2.311 -3.989 3.26 1.011 0.403 -2.578 -2.674 1.114 -0.579 -1.127
3 E -0.2 -1.796 -0.122 1.541 -7.605 1.497 3.077 0.311 0.853 -4.018 -3.207 -0.344 -4.48 -3.455 3.037 -1.13 0.25 -6.31 -3.584 -2.169
4 E -0.033 -0.345 1.31 0.528 -7.325 2.222 1.399 -0.001 0.346 -2.902 -1.78 0.09 -1.838 -1.956 -0.555 0.582 0.907 -4.78 -0.623 -0.333
5 V -2.71 -4.54 -3.982 -3.13 -5.099 -0.732 -4.455 -2.78 -3.315 1.468 1.998 -3.057 0.168 -1.409 2.323 -2.373 1.218 -6.725 -4.509 3.983
6 P 0.138 -0.531 -1.537 -2.963 -6.852 1.302 -1.753 -5.873 3.469 0.0 -2.025 -0.841 -0.774 -0.134 3.591 -1.849 0.253 -5.373 -0.4 2.263
7 E 0.398 -1.47 -0.491 -3.128 -4.922 2.68 2.054 0.032 1.386 -5.511 -2.353 1.124 0.202 -1.445 -1.965 0.885 2.162 -8.298 -0.314 -2.729
8 V 1.427 -4.915 -5.878 -9.195 -4.415 -5.235 -7.302 -6.162 -4.297 1.969 2.115 -5.895 -0.905 -6.166 -6.246 -5.418 -4.712 -8.584 -7.039 5.643