#Seq2Logo.py -f /var/www/firstdemo/app/static/images/202208221407254/HPLC/gibbscluster/1st_Exp_HPLC/cores/gibbs.2of3.core -o /var/www/firstdemo/app/static/images/202208221407254/HPLC/gibbscluster/1st_Exp_HPLC/logos/gibbs_logos_2of3 -I 2 --format [JPEG] -b 200 -C 2 -t Group 2 of 3
Last position-specific scoring matrix computed, values are in halfbits
A R N D C Q E G H I L K M F P S T W Y V
0 L -0.828 -3.073 -0.182 0.516 -5.914 0.825 -0.499 -3.273 2.153 0.149 0.709 -2.515 2.521 2.355 -2.882 0.048 0.391 -3.521 2.217 -0.344
1 P 3.388 -5.011 -3.93 -1.453 -3.667 -0.138 -3.302 0.682 -3.925 -2.62 -2.268 -5.517 0.284 -3.232 4.832 0.394 -1.785 -7.477 -8.657 -0.541
2 A 1.212 0.975 1.181 -3.695 -4.42 0.176 -4.328 -2.5 1.957 1.489 -2.07 0.879 1.28 1.025 -1.655 -0.341 -2.446 -5.387 2.059 1.094
3 P 0.555 -1.727 -0.944 0.27 -5.359 0.685 1.175 0.417 -1.499 -1.282 -0.495 -1.12 -1.467 -1.297 2.929 0.776 -0.322 -3.227 -2.286 -0.672
4 P 0.226 -1.554 0.305 -0.156 -4.874 0.59 0.838 0.647 0.348 -1.025 -1.861 -1.598 -1.894 -2.335 2.847 0.798 0.443 -2.709 -1.869 0.196
5 G -0.172 -1.049 -0.339 -1.462 -5.316 1.011 -0.309 1.461 0.24 -0.871 -0.868 -0.658 -1.376 -0.104 0.759 1.134 1.583 -4.356 -1.562 -0.175
6 S 0.136 -1.177 -0.381 -3.496 -5.043 1.775 -0.256 -1.553 -0.341 0.083 0.532 -1.672 -0.613 -3.523 0.123 1.549 1.735 -9.023 -3.133 1.48
7 S 2.183 -2.795 -2.119 -2.847 -5.132 1.08 0.33 -1.369 -0.557 -2.212 -1.477 -2.139 -2.494 -3.924 0.427 2.505 1.922 -5.311 -3.302 1.231
8 Y -4.079 -2.346 -5.114 -6.646 -6.055 -5.002 -5.14 -5.606 -2.568 -3.258 2.569 -3.255 1.265 3.733 -1.725 -4.191 -3.741 -5.049 7.081 -3.131