#Seq2Logo.py -f /var/www/firstdemo/app/static/images/202208221407254/HPLC/gibbscluster/1st_Exp_HPLC/cores/gibbs.4of5.core -o /var/www/firstdemo/app/static/images/202208221407254/HPLC/gibbscluster/1st_Exp_HPLC/logos/gibbs_logos_4of5 -I 2 --format [JPEG] -b 200 -C 2 -t Group 4 of 5
Last position-specific scoring matrix computed, values are in halfbits
A R N D C Q E G H I L K M F P S T W Y V
0 L -2.48 -3.034 0.848 1.633 -6.335 1.456 0.6 -3.692 2.494 -0.253 0.566 -3.316 3.193 1.792 -5.549 -0.728 0.837 -3.474 2.089 -1.787
1 P 0.612 -6.114 -4.343 -0.409 -4.481 0.233 -2.344 1.035 -6.636 -2.601 -1.081 -4.801 1.388 -2.662 6.063 -1.223 -4.329 -6.077 -6.531 -0.897
2 R 0.47 2.372 1.472 -4.58 -5.297 0.368 -4.673 -3.294 2.448 1.191 -2.346 1.869 2.143 1.667 -3.181 -1.456 -3.617 -6.568 2.542 -0.568
3 E 0.389 -1.18 -0.402 0.968 -6.305 0.962 2.037 0.212 -1.583 -1.571 -0.864 -0.521 -1.469 -1.606 1.897 0.351 -0.275 -2.959 -1.896 -0.58
4 E -0.704 -2.915 0.401 0.563 -5.255 1.371 2.068 0.99 0.112 -0.538 -1.105 -1.403 -1.089 -2.205 0.473 0.846 0.782 -1.16 -2.204 -0.637
5 T -0.51 -0.62 -0.076 -0.908 -6.151 1.838 0.194 0.259 0.509 -0.033 -0.546 0.087 -1.323 -0.682 -0.407 0.391 1.504 -3.708 -1.171 0.423
6 V 0.216 -3.027 -0.146 -3.607 -5.793 2.205 0.531 -2.1 -1.821 0.675 -0.185 -2.449 -0.715 -3.325 -2.723 1.339 2.416 -7.523 -2.497 2.09
7 S 1.545 -1.816 -1.775 -2.644 -5.794 1.796 0.83 -0.607 -0.512 -2.771 -1.61 -1.496 -1.846 -3.356 -2.3 2.235 2.457 -5.711 -3.081 1.224
8 Y -5.179 -2.875 -5.961 -8.263 -6.957 -5.969 -5.903 -7.179 -0.868 -3.506 -4.637 -5.295 -1.404 4.861 -6.736 -5.618 -5.855 -3.025 8.481 -5.068