#Seq2Logo.py -f /var/www/firstdemo/app/static/images/202208221407254/HPLC/gibbscluster/1st_Exp_HPLC/cores/gibbs.3of3.core -o /var/www/firstdemo/app/static/images/202208221407254/HPLC/gibbscluster/1st_Exp_HPLC/logos/gibbs_logos_3of3 -I 2 --format [JPEG] -b 200 -C 2 -t Group 3 of 3
Last position-specific scoring matrix computed, values are in halfbits
A R N D C Q E G H I L K M F P S T W Y V
0 A 2.063 -1.169 -2.404 -5.771 -4.018 -1.198 -4.304 -0.917 -0.328 0.942 -0.205 0.973 -0.713 3.005 -3.432 -0.955 -0.34 -3.259 2.368 0.963
1 L 1.056 -6.147 -3.505 -5.261 -4.217 0.238 -3.917 -3.902 -4.202 -0.606 5.102 -5.229 2.035 -4.946 -5.548 -1.874 -2.533 -8.306 -5.068 -1.253
2 D 0.1 -4.107 0.216 2.462 -3.878 2.887 0.021 -2.604 1.923 0.75 -0.366 -3.923 2.677 -1.784 -3.906 0.165 -0.099 -0.548 0.248 -1.156
3 E -0.238 -2.092 1.571 3.947 -7.904 -1.155 4.034 -0.709 -0.152 -2.534 -4.693 -1.142 -3.783 -5.062 0.226 -0.902 -2.541 -5.371 -3.816 -2.837
4 L -0.814 -0.621 0.559 -1.919 -7.268 1.509 1.439 -0.361 1.828 0.994 1.14 -0.996 -0.095 0.212 -4.447 -1.95 -0.805 -5.007 -0.115 0.963
5 L 0.218 -1.328 1.424 -1.61 -6.976 1.355 -0.105 -2.907 -0.964 1.513 1.75 -1.489 -0.878 -2.361 -4.804 -0.43 -0.195 -8.399 -0.99 1.895
6 A 0.866 0.175 0.04 -1.907 -7.253 1.002 0.899 -5.162 3.014 0.502 -0.428 -0.769 -0.016 -0.261 0.154 -2.574 0.505 -2.708 1.834 0.58
7 E 0.16 0.477 -0.804 -3.166 -5.597 2.604 1.946 -2.64 1.486 -3.693 -0.093 0.102 -2.598 0.111 -5.993 0.724 0.785 -5.357 2.38 -0.931
8 L -1.597 -3.505 -7.411 -7.327 -4.621 -5.371 -5.968 -7.909 -5.987 2.148 4.918 -3.862 0.212 -4.526 -6.572 -6.29 -3.457 -5.549 -3.069 2.951