#Seq2Logo.py -f /var/www/firstdemo/app/static/images/202208221407254/HPLC/gibbscluster/1st_Exp_HPLC/cores/gibbs.1of1.core -o /var/www/firstdemo/app/static/images/202208221407254/HPLC/gibbscluster/1st_Exp_HPLC/logos/gibbs_logos_1of1 -I 2 --format [JPEG] -b 200 -C 2 -t Group 1 of 1
Last position-specific scoring matrix computed, values are in halfbits
A R N D C Q E G H I L K M F P S T W Y V
0 A 0.665 -0.512 -1.007 -1.888 -6.484 -0.238 -2.458 -0.933 1.271 0.312 -0.443 0.633 0.803 2.084 -3.256 0.738 0.456 -3.487 2.058 0.338
1 L 1.426 -7.247 -4.507 -3.38 -5.097 0.088 -4.25 -1.673 -4.787 0.503 3.804 -6.593 2.847 -4.809 2.025 -1.582 -1.631 -8.091 -6.317 0.283
2 L 0.869 -1.466 0.446 1.177 -5.673 0.936 -2.5 -2.545 1.368 1.058 0.327 -1.378 2.104 0.546 -1.538 -0.139 -1.082 -0.977 1.239 0.103
3 E -0.053 -2.214 -0.057 2.564 -6.673 0.544 2.799 0.22 -0.269 -2.461 -2.035 -1.221 -3.201 -2.605 2.205 0.391 -0.5 -4.632 -3.323 -1.888
4 V 0.002 -0.924 0.391 -0.461 -7.678 0.947 0.831 -0.081 1.41 0.028 -0.701 -0.531 -1.305 -1.095 0.737 0.262 0.282 -4.438 -0.643 0.849
5 V -0.803 -2.33 0.054 -1.892 -6.755 0.636 -0.757 -0.573 -1.11 1.503 0.915 -1.589 -1.08 -0.908 0.787 0.166 0.909 -6.325 -1.696 1.992
6 V 0.222 -1.069 -0.69 -2.981 -8.005 1.434 -0.146 -3.874 2.332 0.33 0.032 -1.473 -0.279 -1.14 1.752 0.025 1.076 -4.072 0.165 1.396
7 S 1.134 -0.824 -0.515 -3.425 -6.273 1.979 1.273 -1.037 0.662 -3.26 -1.009 -0.053 -1.309 -1.93 -1.541 1.655 1.779 -6.92 0.18 -0.154
8 L -0.601 -3.267 -6.36 -8.593 -7.092 -5.779 -6.902 -6.663 -4.229 0.29 3.279 -3.93 0.485 0.98 -4.165 -5.198 -3.98 -7.513 4.319 3.91