#Seq2Logo.py -f /var/www/firstdemo/app/static/images/202208221407254/HPLC/gibbscluster/1st_Exp_HPLC/cores/gibbs.1of2.core -o /var/www/firstdemo/app/static/images/202208221407254/HPLC/gibbscluster/1st_Exp_HPLC/logos/gibbs_logos_1of2 -I 2 --format [JPEG] -b 200 -C 2 -t Group 1 of 2
Last position-specific scoring matrix computed, values are in halfbits
A R N D C Q E G H I L K M F P S T W Y V
0 A 1.301 0.51 -1.836 -6.938 -6.361 -0.971 -4.991 0.085 0.712 0.534 -1.768 1.801 -0.908 1.538 -5.023 1.24 0.538 -3.342 2.003 0.439
1 L -5.379 -8.993 -4.83 -6.584 -5.47 -0.047 -6.822 -7.607 -6.224 1.737 5.259 -7.254 3.962 -5.676 -10.195 -6.552 -1.801 -7.162 -6.931 0.813
2 L 0.824 -6.602 -0.082 2.203 -5.828 1.159 -2.59 -2.749 0.936 0.84 1.252 -4.508 2.48 0.428 -1.641 -0.126 -0.522 0.587 0.739 -0.604
3 E -0.443 -2.692 0.292 3.396 -6.278 0.628 3.461 0.208 0.398 -4.619 -3.969 -1.074 -5.129 -3.9 1.492 0.247 -0.489 -7.044 -4.856 -2.867
4 V -0.332 -0.569 0.585 -0.43 -8.844 1.198 0.907 -0.605 1.884 0.361 -0.313 0.085 -1.041 -0.66 -2.054 -0.105 0.244 -5.318 -0.041 1.04
5 V -1.628 -3.71 0.325 -2.129 -6.893 0.224 -0.967 -3.307 -2.485 2.438 1.514 -2.087 -0.639 -1.866 0.958 -0.704 0.556 -7.272 -1.975 2.809
6 P 0.143 -1.849 -0.959 -2.561 -8.77 1.159 0.017 -7.072 3.233 0.611 -0.38 -1.553 -0.076 -0.215 2.522 -1.66 0.698 -2.493 1.082 1.454
7 E 0.024 0.324 0.149 -3.707 -6.622 2.407 1.705 -0.665 1.383 -4.856 -0.895 0.923 -0.633 -1.346 -3.649 1.071 1.632 -9.738 1.119 -2.075
8 V 0.461 -5.304 -6.872 -10.982 -7.946 -6.125 -7.962 -7.822 -5.411 1.426 3.459 -5.1 -0.139 -5.883 -8.142 -6.782 -5.329 -10.111 -6.685 5.344