#Seq2Logo.py -f /var/www/firstdemo/app/static/images/202208221407254/HPLC/gibbscluster/1st_Exp_HPLC/cores/gibbs.1of5.core -o /var/www/firstdemo/app/static/images/202208221407254/HPLC/gibbscluster/1st_Exp_HPLC/logos/gibbs_logos_1of5 -I 2 --format [JPEG] -b 200 -C 2 -t Group 1 of 5
Last position-specific scoring matrix computed, values are in halfbits
A R N D C Q E G H I L K M F P S T W Y V
0 F 1.158 -2.647 -2.401 -2.813 -4.099 -2.696 -4.614 -2.627 1.077 1.089 0.212 -1.76 0.673 3.692 -2.488 0.295 -0.009 -3.145 2.759 1.105
1 A 5.37 -5.109 -3.808 -5.498 -1.889 -0.875 -5.227 -1.161 -3.972 -1.193 -3.85 -4.636 -3.046 -6.016 0.32 1.73 0.011 -7.409 -6.667 -0.826
2 A 1.832 -4.12 0.917 0.684 -5.324 0.244 -1.253 -2.87 0.702 1.918 -1.284 -2.64 1.142 -2.365 -3.588 0.681 -0.208 -4.43 0.673 1.852
3 P 0.349 -1.785 -0.745 1.489 -4.026 -0.499 0.918 0.977 -0.801 -0.851 -2.531 -1.517 -1.09 -2.021 3.936 0.427 -0.645 -3.523 -2.731 -1.921
4 P 1.116 -0.031 0.9 -2.72 -4.621 -0.56 -0.765 -0.462 1.376 -0.749 -3.431 -1.856 -3.308 -1.999 3.815 0.238 -0.031 -7.323 -2.089 1.435
5 G 0.925 -0.563 -0.714 -3.001 -4.513 -0.083 -3.188 2.312 0.361 -0.696 -0.884 -2.357 -1.493 0.233 0.482 1.516 1.486 -6.175 -1.805 -0.041
6 S 0.247 1.612 -0.824 -4.06 -5.623 1.052 -1.99 -2.43 2.367 -2.049 0.409 0.438 0.187 -3.372 2.085 1.261 0.677 -5.203 -2.229 -0.131
7 A 2.647 -3.456 -2.654 -2.437 -3.627 0.119 1.116 -3.851 -0.398 -3.001 -2.732 -2.925 -3.25 -3.64 0.708 2.758 1.496 -7.223 -2.593 1.72
8 L -3.056 -4.491 -6.946 -6.2 -5.211 -5.444 -6.305 -6.376 -5.492 -0.731 5.341 -5.701 3.035 1.03 -2.242 -4.51 -3.284 -4.366 1.028 -0.888