#Seq2Logo.py -f /var/www/firstdemo/app/static/images/202208221407254/HPLC/gibbscluster/1st_Exp_HPLC/cores/gibbs.5of5.core -o /var/www/firstdemo/app/static/images/202208221407254/HPLC/gibbscluster/1st_Exp_HPLC/logos/gibbs_logos_5of5 -I 2 --format [JPEG] -b 200 -C 2 -t Group 5 of 5
Last position-specific scoring matrix computed, values are in halfbits
A R N D C Q E G H I L K M F P S T W Y V
0 K 1.049 -0.102 -1.982 -6.48 -6.76 -0.566 -4.494 -0.323 0.787 0.87 -2.057 1.886 -0.395 1.978 -7.928 0.967 0.778 -3.594 2.513 0.441
1 L -5.845 -7.079 -6.869 -7.215 -6.341 -0.376 -6.25 -7.243 -7.004 0.238 5.608 -5.981 3.947 -5.634 -7.724 -6.695 -2.591 -7.892 -7.258 0.082
2 L 0.134 -6.707 1.101 2.631 -6.935 2.693 -3.357 -2.529 1.23 -0.763 1.082 -4.252 1.586 0.063 -5.386 0.175 0.775 0.37 1.351 -2.235
3 D -1.287 -2.181 0.837 4.4 -5.574 0.883 3.892 -1.372 -0.051 -3.852 -4.324 -2.155 -5.518 -4.126 -1.028 0.255 -0.682 -5.506 -5.597 -4.164
4 L -0.733 -1.339 -0.38 -1.871 -6.853 1.051 0.642 -0.324 2.306 1.743 0.741 -0.283 -0.966 -0.794 -5.271 -0.512 -0.248 -5.511 0.506 1.333
5 L -1.354 -2.34 1.961 -0.625 -6.727 2.25 0.498 -3.485 -1.453 2.239 1.336 -1.009 -2.239 -2.884 -3.221 -2.044 1.382 -8.137 -0.938 0.931
6 V -0.225 -3.426 -0.167 -1.674 -6.738 1.628 0.246 -6.649 2.723 1.765 0.393 -3.449 0.536 -0.292 -1.55 -2.003 1.235 -2.565 1.242 2.054
7 Q -1.728 1.194 1.028 -4.308 -7.249 2.894 0.913 -1.311 2.102 -4.476 -0.372 0.852 -0.837 -0.014 -7.392 -0.19 1.171 -5.894 3.139 -2.283
8 L -2.203 -4.281 -8.321 -9.364 -6.109 -7.165 -9.105 -9.08 -7.301 1.257 4.406 -6.214 0.237 -5.037 -9.438 -8.189 -4.506 -8.105 -5.371 4.875