#Seq2Logo.py -f /var/www/firstdemo/app/static/images/202208221407254/HPLC/gibbscluster/1st_Exp_HPLC/cores/gibbs.3of5.core -o /var/www/firstdemo/app/static/images/202208221407254/HPLC/gibbscluster/1st_Exp_HPLC/logos/gibbs_logos_3of5 -I 2 --format [JPEG] -b 200 -C 2 -t Group 3 of 5
Last position-specific scoring matrix computed, values are in halfbits
A R N D C Q E G H I L K M F P S T W Y V
0 A 2.058 1.487 -1.158 -6.47 -5.482 -1.227 -6.094 0.343 0.988 0.323 -2.059 1.877 -2.337 0.047 -8.501 1.438 0.069 -3.172 0.996 0.324
1 L -2.017 -8.155 -6.714 -7.923 -5.544 -0.15 -7.133 -7.919 -8.163 2.418 4.915 -7.226 3.733 -4.577 -9.478 -6.99 -2.056 -8.03 -5.798 1.598
2 L 1.587 -4.746 -2.12 0.858 -6.655 -1.823 -2.823 -2.599 0.319 2.1 1.658 -4.412 3.412 0.494 -0.573 -0.677 -3.387 0.946 0.26 0.432
3 E 0.109 -2.186 0.124 2.187 -7.453 0.119 3.298 0.97 1.08 -5.557 -4.6 -0.546 -4.069 -3.277 2.455 0.189 -0.749 -4.552 -4.112 -2.816
4 E -0.012 0.09 1.402 0.715 -7.173 1.301 1.198 -0.869 1.585 -1.81 -2.874 0.513 -0.867 -0.371 -0.468 0.297 0.36 -4.579 -0.515 0.377
5 V -2.684 -6.24 -4.156 -5.727 -6.389 -6.256 -5.972 -2.844 -4.24 2.801 1.816 -6.224 0.841 -1.19 2.12 0.314 -0.687 -8.345 -3.48 4.101
6 P 0.367 -0.655 -1.873 -2.932 -7.141 0.857 0.118 -6.728 3.875 -1.233 -3.052 -0.378 -0.424 -0.003 3.983 -0.911 0.052 -3.627 1.058 0.456
7 E 0.915 -0.65 -0.827 -3.547 -7.007 2.125 2.572 -0.379 0.983 -5.271 -3.131 1.415 -0.716 -4.298 -4.033 1.855 2.083 -8.485 -4.793 -1.852
8 V 1.713 -6.069 -8.966 -9.151 -6.003 -8.58 -8.379 -7.043 -8.592 1.861 1.936 -7.432 -0.308 -5.736 -7.829 -7.289 -5.079 -8.404 -5.897 5.823