#Seq2Logo.py -f data\10-ID-2020-11-14\VMM\VMM1_3rd_nil_DT9_peptide.txt --format [PNG] -o app\static\images\10-ID-2020-11-14\VMM\seqlogos\VMM1_3rd_nil_DT9_peptide
Last position-specific scoring matrix computed, values are in halfbits
A R N D C Q E G H I L K M F P S T W Y V
0 S 0.935 1.475 -0.281 -2.865 -7.941 -0.006 -1.395 -2.812 2.289 -0.308 -1.52 1.695 -3.579 0.97 -6.633 1.392 -0.149 -3.244 2.498 -0.289
1 R 0.306 6.357 -2.947 -5.994 -7.249 -0.562 -1.412 -2.774 -2.3 -2.319 -2.685 -2.149 -6.498 -5.05 -5.72 -0.881 -0.268 -5.512 0.771 -0.233
2 A 1.101 -1.824 1.115 -2.462 -6.987 -0.849 -3.998 -1.646 1.539 0.584 -2.72 -0.103 -3.797 2.372 1.832 0.669 -1.82 -0.945 3.527 -0.59
3 P -1.192 -3.651 0.241 2.887 -7.277 0.552 1.857 0.787 -0.161 -2.041 -1.974 -0.794 -7.494 -1.788 3.312 -0.508 -1.086 -1.159 -1.776 -1.77
4 L -1.273 0.263 0.147 -0.751 -7.096 -0.109 -0.897 0.258 3.003 0.861 0.175 0.831 -3.424 1.716 -1.203 -1.487 -1.165 0.714 0.717 0.348
5 V -0.211 -1.483 -1.977 -2.85 -7.679 0.159 -0.518 -1.485 0.041 2.789 -0.2 -1.682 -4.507 -1.206 1.995 -1.526 0.495 -2.384 -1.475 2.58
6 R -2.633 4.347 0.456 -5.308 -7.213 2.319 -3.734 -4.168 1.97 0.411 -0.668 1.312 -4.347 -0.091 -2.811 -0.844 -0.846 -2.167 0.206 0.29
7 E -1.592 0.961 -0.19 -1.689 -8.09 1.465 1.61 -3.349 1.323 -0.417 0.108 1.331 -4.065 -0.561 -5.081 -0.056 0.587 -0.919 1.423 0.795
8 L -3.578 -4.859 -8.07 -6.835 -7.488 -5.243 -7.578 -8.221 -4.043 1.752 3.926 -2.841 -3.364 2.047 -5.955 -7.678 -4.822 -3.417 3.601 3.502