#Seq2Logo.py -f /var/www/firstdemo/app/static/images/202208221407254/HPLC/gibbscluster/2nd_Exp_HPLC/cores/gibbs.3of3.core -o /var/www/firstdemo/app/static/images/202208221407254/HPLC/gibbscluster/2nd_Exp_HPLC/logos/gibbs_logos_3of3 -I 2 --format [JPEG] -b 200 -C 2 -t Group 3 of 3
Last position-specific scoring matrix computed, values are in halfbits
A R N D C Q E G H I L K M F P S T W Y V
0 L -2.603 -3.553 -0.033 1.503 -3.52 1.844 0.329 -3.927 3.535 -0.761 0.394 -4.386 2.84 2.77 -3.622 -0.899 0.177 -2.4 2.307 -1.723
1 P 1.16 -6.035 -3.057 -0.389 -5.317 -0.482 -1.939 0.823 -6.595 -2.279 -0.237 -5.29 1.028 -2.671 5.914 -1.584 -3.915 -9.099 -5.804 -1.342
2 K 0.293 2.717 1.372 -5.118 -4.323 -1.243 -3.927 -3.776 3.334 1.384 -3.013 2.478 0.425 1.545 -2.795 -1.644 -3.093 -7.525 2.193 -0.486
3 P -0.223 -0.968 -0.286 0.948 -6.161 0.517 1.534 0.064 0.308 -1.437 -0.378 0.004 -1.373 -1.065 2.321 0.392 -0.847 -3.067 -1.304 -0.991
4 E -1.136 -1.285 -0.016 0.365 -4.793 0.884 2.085 0.789 1.309 -0.334 -1.063 -1.054 -1.735 -1.313 1.015 0.48 0.096 -2.35 -1.784 -0.048
5 G -0.757 -0.062 -0.436 -0.327 -4.728 1.28 -0.008 0.648 1.769 -0.152 -0.27 -0.163 -1.11 0.107 -1.129 0.336 0.846 -4.565 -0.878 0.491
6 V 0.176 -1.628 -0.683 -3.087 -6.681 1.379 0.293 -2.335 0.999 0.821 0.222 -1.488 -0.354 -2.739 -1.98 0.887 1.954 -5.425 -2.909 2.178
7 S 1.775 -1.137 -2.664 -2.9 -6.617 1.487 0.785 -1.378 -0.883 -1.989 -1.058 -1.406 -2.418 -2.843 -2.012 2.282 2.102 -5.436 -2.188 1.283
8 Y -7.375 -5.225 -5.543 -9.071 -5.682 -5.598 -6.502 -6.723 -1.376 -4.903 -3.082 -5.011 -0.953 5.142 -6.102 -4.486 -4.494 -4.548 8.387 -6.105