#Seq2Logo.py -f /var/www/firstdemo/app/static/images/202208221407254/HPLC/gibbscluster/2nd_Exp_HPLC/cores/gibbs.1of3.core -o /var/www/firstdemo/app/static/images/202208221407254/HPLC/gibbscluster/2nd_Exp_HPLC/logos/gibbs_logos_1of3 -I 2 --format [JPEG] -b 200 -C 2 -t Group 1 of 3
Last position-specific scoring matrix computed, values are in halfbits
A R N D C Q E G H I L K M F P S T W Y V
0 F 0.922 -1.491 -2.431 -6.747 -6.905 -1.404 -6.007 -1.596 -0.308 0.55 -0.235 -0.441 -0.514 4.273 -0.747 0.229 -1.027 -3.838 3.108 0.853
1 A 4.246 -5.684 -3.594 -3.654 -3.563 -1.188 -5.2 -1.533 -3.964 0.359 2.176 -6.515 -0.664 -5.613 -3.175 0.977 0.037 -8.479 -4.738 0.234
2 I 0.57 -5.745 0.111 1.323 -4.195 0.074 -1.685 -3.71 1.219 2.275 -0.187 -4.582 1.58 -0.53 -0.232 -0.174 0.11 -7.079 1.043 1.65
3 P -0.288 -2.58 -0.488 2.52 -5.523 -0.319 2.151 0.478 0.661 -1.894 -2.034 -2.175 -3.116 -3.286 3.427 0.507 -0.665 -5.643 -3.264 -1.863
4 P 0.151 0.465 0.142 -2.196 -7.049 -0.243 -1.398 0.033 2.928 -1.651 -0.521 -0.659 -2.105 -2.401 2.692 0.418 0.027 -5.498 -0.876 1.232
5 S 0.478 -0.697 -0.261 -1.02 -4.027 -0.386 -1.659 1.102 0.87 -0.599 -1.293 -1.217 -1.422 0.637 1.001 1.802 1.28 -6.112 -1.483 -0.203
6 L 0.444 0.803 -1.12 -4.096 -3.779 -0.005 -2.427 -3.773 3.119 -0.176 0.668 0.061 -0.059 -2.659 2.404 0.771 0.417 -4.445 -0.484 0.121
7 S 1.878 -2.144 -1.125 -2.859 -3.43 0.85 1.097 -3.129 0.487 -1.577 -1.237 -1.65 -3.032 0.308 -0.183 2.092 0.945 -8.068 0.419 0.759
8 L -1.826 -4.282 -5.832 -9.332 -3.672 -4.948 -6.996 -5.902 -5.272 -1.333 5.69 -4.066 2.552 -2.612 -2.501 -5.04 -3.031 -3.486 -6.733 -0.533