#Seq2Logo.py -f /var/www/firstdemo/app/static/images/202208221407254/HPLC/gibbscluster/2nd_Exp_HPLC/cores/gibbs.2of5.core -o /var/www/firstdemo/app/static/images/202208221407254/HPLC/gibbscluster/2nd_Exp_HPLC/logos/gibbs_logos_2of5 -I 2 --format [JPEG] -b 200 -C 2 -t Group 2 of 5
Last position-specific scoring matrix computed, values are in halfbits
A R N D C Q E G H I L K M F P S T W Y V
0 L -5.257 -3.224 -0.065 1.893 -3.798 2.214 0.694 -4.47 3.613 -0.597 0.508 -4.582 2.836 2.832 -6.683 -1.114 -0.273 -2.105 2.422 -2.099
1 P 0.294 -6.492 -3.476 -0.41 -6.584 -0.262 -2.295 1.309 -6.093 -1.962 -0.01 -6.13 1.174 -2.854 6.046 -2.09 -4.958 -8.615 -6.221 -1.148
2 K -1.266 3.084 1.657 -5.318 -6.915 -0.577 -4.079 -6.26 3.789 1.461 -3.443 2.77 0.239 1.869 -4.357 -2.538 -3.971 -6.839 2.621 -0.593
3 E -0.575 -0.57 -0.497 1.075 -6.711 0.753 2.035 0.264 0.161 -1.333 -0.338 0.0 -1.327 -1.349 1.603 0.394 -0.921 -3.444 -1.062 -1.096
4 E -1.688 -1.435 0.237 0.747 -5.66 1.112 2.489 1.089 1.242 -0.931 -1.058 -0.729 -1.546 -0.868 -0.577 0.347 0.53 -1.776 -2.014 -0.593
5 L -1.227 0.141 0.068 0.183 -6.549 1.259 0.268 0.006 1.835 0.077 -0.189 0.243 -1.073 -0.094 -1.743 -0.155 0.763 -4.006 -0.851 0.773
6 V 0.078 -1.753 -0.559 -3.411 -6.123 1.727 0.375 -2.628 0.913 1.198 0.008 -1.994 -0.682 -3.547 -2.826 0.657 2.002 -5.56 -2.645 2.506
7 S 1.425 -0.747 -2.099 -2.804 -6.14 1.705 1.05 -1.217 -0.647 -2.359 -1.343 -0.978 -1.886 -2.658 -2.975 2.255 2.116 -7.824 -2.198 1.243
8 Y -6.885 -5.965 -7.916 -8.682 -7.257 -5.735 -7.275 -7.143 -2.175 -4.901 -3.775 -5.947 -1.142 5.073 -8.32 -5.55 -5.896 -3.877 8.565 -5.373