#Seq2Logo.py -f /var/www/firstdemo/app/static/images/202208221407254/HPLC/gibbscluster/2nd_Exp_HPLC/cores/gibbs.1of2.core -o /var/www/firstdemo/app/static/images/202208221407254/HPLC/gibbscluster/2nd_Exp_HPLC/logos/gibbs_logos_1of2 -I 2 --format [JPEG] -b 200 -C 2 -t Group 1 of 2
Last position-specific scoring matrix computed, values are in halfbits
A R N D C Q E G H I L K M F P S T W Y V
0 F -1.405 -3.32 -0.538 0.343 -4.529 1.199 -0.394 -3.525 2.877 -0.278 0.408 -3.696 2.228 3.263 -1.655 -0.452 -0.095 -2.833 2.744 -0.593
1 P 3.113 -6.298 -2.682 -0.907 -4.176 -1.149 -2.578 0.568 -4.698 -2.246 -0.889 -5.738 0.142 -3.692 4.845 0.331 -1.76 -6.755 -5.385 -0.824
2 I 0.662 1.631 1.137 -3.372 -3.982 -0.806 -3.498 -3.257 3.077 1.793 -2.387 1.475 -0.082 0.793 -1.296 -0.841 -2.032 -8.782 1.856 0.968
3 P -0.066 -1.326 -0.555 0.941 -5.902 0.439 1.275 0.272 0.516 -1.19 -0.664 -0.775 -1.712 -1.392 2.885 0.563 -0.594 -3.669 -1.794 -0.866
4 P -0.425 -0.586 0.056 -0.543 -5.882 0.406 1.382 0.477 1.852 -0.834 -1.014 -1.52 -2.514 -1.731 2.41 0.567 -0.119 -3.201 -1.933 0.422
5 G -0.319 -0.039 -1.106 -0.812 -3.973 1.031 -0.728 1.309 1.754 -0.461 -0.692 -0.503 -1.337 0.032 0.059 1.076 0.882 -5.098 -0.94 -0.055
6 V 0.258 -0.657 -0.649 -3.313 -5.245 1.108 -0.325 -2.384 1.113 0.186 0.574 -0.601 -0.26 -3.324 -0.28 1.162 1.534 -6.137 -2.694 1.75
7 S 1.954 -1.853 -2.56 -2.829 -4.45 0.975 0.54 -2.073 -0.881 -1.593 -1.127 -1.934 -2.167 -2.477 -0.42 2.418 1.824 -6.572 -2.32 1.536
8 Y -4.818 -4.431 -5.453 -10.137 -4.034 -5.525 -6.568 -6.42 -2.444 -3.694 2.597 -4.439 1.299 4.136 -2.828 -3.981 -3.224 -3.772 7.241 -4.494