#Seq2Logo.py -f /var/www/firstdemo/app/static/images/202208221407254/HPLC/gibbscluster/2nd_Exp_HPLC/cores/gibbs.4of4.core -o /var/www/firstdemo/app/static/images/202208221407254/HPLC/gibbscluster/2nd_Exp_HPLC/logos/gibbs_logos_4of4 -I 2 --format [JPEG] -b 200 -C 2 -t Group 4 of 4
Last position-specific scoring matrix computed, values are in halfbits
A R N D C Q E G H I L K M F P S T W Y V
0 L -2.958 -3.065 -0.734 1.204 -3.913 2.318 0.746 -3.919 3.376 -0.744 0.994 -3.29 1.799 2.501 -2.12 -1.101 -0.316 -1.636 2.146 -1.521
1 P -3.394 -5.486 -2.731 0.991 -5.896 1.101 -0.537 0.798 -4.462 -1.787 1.609 -3.724 1.407 -2.42 5.166 -1.314 -4.152 -7.491 -3.662 -1.642
2 R -1.054 3.75 2.632 -2.581 -2.578 -0.417 -3.669 -3.489 3.854 0.069 -2.317 2.619 -0.653 -0.942 -0.912 -3.425 -3.361 -6.491 1.669 -2.399
3 E -0.725 -0.758 -0.22 -0.343 -3.385 1.595 2.578 -1.775 -1.091 -0.334 0.365 0.158 -2.37 -0.973 1.08 0.093 -1.601 -6.966 -1.267 0.212
4 E -1.695 -1.408 -0.032 0.122 -3.997 2.313 2.688 -1.586 -1.967 0.827 0.487 -0.372 -0.411 -0.01 -4.353 -0.881 0.148 -3.123 -0.498 -0.018
5 L -1.493 -0.841 -0.237 -0.419 -3.342 2.062 0.796 -2.577 1.49 0.644 0.894 0.705 -2.131 -0.554 -1.606 -1.646 1.043 -2.494 0.265 0.612
6 V -0.533 -3.858 -0.611 -2.264 -1.637 1.237 1.742 -3.203 -0.059 1.132 -0.37 -1.12 -1.49 -2.784 -1.428 -0.089 1.736 -4.497 -1.265 2.695
7 S 1.9 -1.455 -2.018 -2.222 -3.153 0.886 1.287 -1.226 -1.462 -2.335 -0.481 -1.199 -1.815 -0.688 -1.791 2.087 2.31 -6.941 -2.212 -0.734
8 Y -4.293 -5.066 -4.699 -6.404 -2.548 -4.503 -5.09 -5.546 -1.385 -1.769 -1.1 -3.945 -0.993 4.3 -6.683 -3.543 -2.126 -3.472 7.964 -1.516