#Seq2Logo.py -f /var/www/firstdemo/app/static/images/202208221407254/HPLC/gibbscluster/2nd_Exp_HPLC/cores/gibbs.1of1.core -o /var/www/firstdemo/app/static/images/202208221407254/HPLC/gibbscluster/2nd_Exp_HPLC/logos/gibbs_logos_1of1 -I 2 --format [JPEG] -b 200 -C 2 -t Group 1 of 1
Last position-specific scoring matrix computed, values are in halfbits
A R N D C Q E G H I L K M F P S T W Y V
0 F 0.466 -0.598 -1.155 -1.523 -6.529 0.322 -2.06 -1.137 1.963 -0.006 -0.61 0.175 0.831 2.76 -3.024 0.447 0.165 -3.286 2.394 0.041
1 L 1.929 -7.303 -4.349 -2.673 -6.191 -0.466 -4.336 -1.278 -6.839 0.152 3.533 -7.107 2.117 -5.175 2.816 -1.142 -1.889 -8.659 -6.554 0.147
2 I 0.661 -0.322 0.625 0.673 -6.03 0.35 -3.204 -3.174 1.947 1.522 0.009 -0.297 1.582 0.677 -1.777 -0.55 -0.799 -2.374 1.587 0.319
3 E -0.436 -1.916 0.053 2.566 -7.123 0.214 2.575 0.247 0.613 -2.618 -1.866 -0.826 -2.879 -2.686 2.415 0.468 -0.838 -5.302 -2.737 -1.846
4 V -0.281 -0.486 0.172 -0.657 -7.438 0.739 0.757 -0.044 2.281 -0.234 -0.435 -0.401 -1.893 -0.946 0.997 0.112 0.007 -4.059 -0.507 0.815
5 L -0.719 -1.427 -0.492 -1.404 -6.136 0.685 -0.956 -0.27 0.388 1.285 0.893 -1.464 -1.19 -0.098 0.416 0.175 0.679 -7.088 -1.701 1.75
6 V 0.196 -0.81 -0.87 -3.5 -5.646 0.975 -0.223 -4.201 2.66 0.535 0.165 -1.036 -0.078 -1.155 1.491 0.071 1.08 -4.507 -0.456 1.546
7 S 1.428 -0.619 -0.989 -3.644 -5.509 1.6 1.316 -1.344 0.919 -2.715 -1.111 -0.285 -1.803 -1.574 -1.929 1.761 1.668 -6.662 0.01 0.25
8 L -1.511 -5.688 -7.407 -10.225 -5.249 -6.559 -8.666 -7.719 -4.48 -0.101 3.494 -5.365 0.797 2.059 -4.965 -5.115 -4.459 -6.252 5.185 3.278