#Seq2Logo.py -f /var/www/firstdemo/app/static/images/202208221407254/HPLC/gibbscluster/2nd_Exp_HPLC/cores/gibbs.3of5.core -o /var/www/firstdemo/app/static/images/202208221407254/HPLC/gibbscluster/2nd_Exp_HPLC/logos/gibbs_logos_3of5 -I 2 --format [JPEG] -b 200 -C 2 -t Group 3 of 5
Last position-specific scoring matrix computed, values are in halfbits
A R N D C Q E G H I L K M F P S T W Y V
0 F 0.704 -1.134 -2.673 -5.569 -4.01 -2.042 -6.948 -2.937 0.44 0.502 -0.33 -0.992 -1.013 4.691 -6.567 0.216 -0.028 -4.805 3.766 0.755
1 A 5.155 -5.651 -2.911 -4.53 -3.487 -1.181 -5.588 -1.293 -5.378 0.338 -2.533 -5.657 -2.003 -5.504 -3.48 1.884 0.546 -7.472 -6.756 0.192
2 I -0.025 -6.082 0.919 1.505 -4.699 -0.362 -1.091 -3.37 1.441 2.921 -1.652 -3.721 0.383 0.127 -3.329 -1.119 0.044 -6.616 1.783 2.344
3 P -0.906 -2.327 -0.128 2.265 -6.23 -0.767 1.717 1.353 0.899 -1.58 -3.266 -2.409 -2.379 -2.187 3.924 0.234 -1.177 -3.916 -3.313 -1.853
4 P -0.185 0.686 0.512 -2.606 -5.959 -1.516 -1.223 0.962 3.838 -2.649 -1.666 -0.407 -2.902 -2.15 3.013 0.696 -0.279 -7.28 -1.302 0.591
5 G 0.617 0.211 -1.879 -2.566 -5.165 -1.107 -2.563 1.79 0.92 -0.696 -1.307 -1.109 -0.558 1.549 0.354 1.385 1.377 -6.831 -0.663 0.006
6 L -0.473 1.983 -1.06 -3.962 -4.813 0.549 -2.715 -3.112 3.374 -0.322 1.176 1.017 0.619 -2.589 0.215 0.781 -0.048 -4.18 -2.141 0.284
7 S 2.311 -2.897 -2.144 -2.037 -4.471 -0.32 1.261 -2.838 -0.527 -1.298 -2.776 -2.8 -3.551 -1.859 -2.273 2.841 1.677 -7.166 -1.251 1.758
8 L -3.768 -5.413 -6.113 -8.386 -5.285 -6.752 -7.517 -8.147 -4.492 -1.326 5.719 -6.848 3.034 0.605 -7.658 -5.572 -4.082 -3.934 -1.676 -0.403