#Seq2Logo.py -f /var/www/firstdemo/app/static/images/202208221407254/HPLC/gibbscluster/2nd_Exp_HPLC/cores/gibbs.4of5.core -o /var/www/firstdemo/app/static/images/202208221407254/HPLC/gibbscluster/2nd_Exp_HPLC/logos/gibbs_logos_4of5 -I 2 --format [JPEG] -b 200 -C 2 -t Group 4 of 5
Last position-specific scoring matrix computed, values are in halfbits
A R N D C Q E G H I L K M F P S T W Y V
0 P 0.602 -2.333 -0.387 -2.499 -4.533 -0.68 -1.231 -1.256 1.729 -0.577 0.331 -2.125 1.893 1.696 2.608 -0.533 -0.147 -1.901 1.023 0.323
1 A 3.07 -3.898 -2.366 -0.466 -2.026 -1.586 -1.315 -0.307 -1.64 -2.328 -0.22 -2.325 -0.12 -2.854 3.888 -0.032 -1.014 -6.354 -2.549 -0.05
2 A 2.683 -1.639 -1.694 -3.239 -0.442 -1.016 -3.49 0.054 -0.431 -0.096 -0.208 -0.334 0.401 -4.142 2.196 1.127 0.119 -6.244 -3.213 0.2
3 P 1.55 -2.595 -0.501 0.084 -1.62 -0.309 -3.401 -1.657 -0.22 -1.094 0.441 -0.583 -1.923 -1.596 3.727 -0.149 0.662 -4.18 -2.625 -0.047
4 P 1.577 -0.525 -2.178 -2.553 -3.353 -1.007 -1.822 -3.182 -4.121 1.097 -0.287 -3.636 -2.188 -2.43 4.16 0.13 -1.604 -2.118 -0.896 1.937
5 G 0.855 -2.129 -3.597 -2.371 -0.516 1.571 -2.382 1.845 1.222 -0.391 0.238 -2.758 -1.913 -0.461 1.715 1.343 0.483 -5.889 -1.191 -1.017
6 P 1.151 -2.221 -0.86 -2.335 -1.571 -0.622 -0.135 -1.264 -0.392 -2.334 -0.221 -0.275 -0.219 -2.098 2.988 1.562 1.292 -6.18 -2.189 -0.1
7 A 2.187 -2.288 -2.654 -3.421 -0.781 0.251 -0.665 -1.571 -1.087 -0.716 -0.151 -1.704 -1.445 -0.325 2.301 1.114 1.028 -3.98 -0.582 0.4
8 Y -0.002 -1.672 -2.707 -5.447 -0.253 -2.267 -3.38 -2.865 -0.329 -0.712 1.732 -1.125 0.084 2.582 0.378 -2.068 -0.844 -1.456 4.943 0.295