#Seq2Logo.py -f /var/www/firstdemo/app/static/images/202208221407254/HPLC/gibbscluster/2nd_Exp_HPLC/cores/gibbs.3of4.core -o /var/www/firstdemo/app/static/images/202208221407254/HPLC/gibbscluster/2nd_Exp_HPLC/logos/gibbs_logos_3of4 -I 2 --format [JPEG] -b 200 -C 2 -t Group 3 of 4
Last position-specific scoring matrix computed, values are in halfbits
A R N D C Q E G H I L K M F P S T W Y V
0 G 1.311 0.971 0.017 -4.627 -6.119 -1.03 -3.324 1.609 0.976 -0.114 -2.82 0.786 -0.38 -0.477 -0.817 1.209 0.28 -2.896 0.255 0.517
1 L -4.628 -4.629 -4.177 -4.995 -4.243 -0.613 -4.849 -4.356 -3.926 0.614 4.942 -5.323 4.581 -4.588 -1.264 -3.108 -2.166 -4.538 -4.69 0.241
2 L 1.126 -5.888 -1.917 1.229 -6.084 1.18 -2.667 -1.57 1.698 -1.084 1.326 -2.12 2.537 0.667 0.338 0.729 -0.01 0.281 -0.958 -1.206
3 D 0.341 -1.996 0.085 3.158 -6.571 -0.301 2.218 -0.673 0.673 -3.181 -1.287 0.238 -4.957 -2.961 1.503 0.335 -0.035 -7.94 -3.061 -2.034
4 L 0.099 -1.22 -0.377 0.383 -4.475 -0.609 1.096 -1.322 -0.873 0.96 0.971 -1.266 -1.112 -0.115 -0.027 -1.493 0.831 -4.146 -0.406 1.103
5 V -0.623 -3.143 -0.749 -1.851 -3.291 0.448 -4.084 -2.327 -1.67 1.427 2.113 -2.633 0.25 -1.169 1.551 -3.255 -0.628 -7.622 -3.847 3.503
6 V 1.199 -3.601 -1.964 -2.365 -3.956 1.147 -0.327 -5.149 1.567 1.487 -0.466 -3.541 -1.428 -2.241 2.008 -0.98 2.01 -4.249 -2.64 2.332
7 Q -0.474 -0.123 -0.886 -3.875 -2.715 3.184 -1.216 1.041 1.008 -2.383 0.118 1.125 0.535 -0.706 -0.436 -0.88 1.054 -4.451 1.499 -1.836
8 V 0.797 -3.193 -6.67 -7.513 -3.539 -4.215 -7.415 -5.827 -4.447 1.679 1.391 -3.25 -0.015 -3.296 -1.693 -2.909 -2.604 -3.829 -1.594 5.464