#Seq2Logo.py -f /var/www/firstdemo/app/static/images/202208221407254/HPLC/gibbscluster/2nd_Exp_HPLC/cores/gibbs.1of5.core -o /var/www/firstdemo/app/static/images/202208221407254/HPLC/gibbscluster/2nd_Exp_HPLC/logos/gibbs_logos_1of5 -I 2 --format [JPEG] -b 200 -C 2 -t Group 1 of 5
Last position-specific scoring matrix computed, values are in halfbits
A R N D C Q E G H I L K M F P S T W Y V
0 A 2.434 -1.446 -2.785 -4.942 -5.661 0.49 -4.268 0.096 0.711 1.953 -1.153 1.347 -2.333 -1.799 -6.887 1.851 -1.543 -1.374 1.785 -0.378
1 L -3.835 -5.648 -4.607 -4.419 -3.982 1.6 -5.117 -5.677 -6.911 0.416 5.326 -5.97 1.895 -4.303 -5.998 -3.135 -1.442 -7.024 -4.101 -0.186
2 D 0.998 -4.683 -2.107 2.769 -5.864 1.916 -3.345 -2.284 0.761 1.11 0.687 -4.508 0.755 0.28 -2.669 0.192 0.739 -0.938 0.547 -0.606
3 E -1.132 -2.822 -0.3 3.282 -5.397 0.181 3.56 -0.416 1.745 -4.767 -2.251 -0.274 -4.498 -2.421 0.401 1.154 -1.671 -7.595 -2.283 -3.7
4 L -0.551 -2.374 -1.456 -0.778 -5.877 0.009 -0.071 -0.396 1.584 -0.706 1.439 -0.796 -0.28 0.856 -2.884 -2.009 0.955 -6.635 1.732 2.002
5 V -0.319 -4.448 0.512 -0.914 -5.74 2.152 0.729 -3.254 -1.468 0.688 1.238 -3.224 -2.226 -1.988 -2.054 0.797 0.594 -7.265 -1.393 2.336
6 P -0.11 -2.258 0.244 -3.468 -2.785 -0.895 -0.031 -6.965 4.321 1.549 -0.088 -2.394 -0.851 0.378 3.245 -1.477 -0.481 -5.73 0.602 0.21
7 L 0.916 1.599 -1.57 -4.515 -3.698 1.711 0.807 -0.64 2.261 -2.774 0.988 0.981 -1.145 -0.316 -3.43 1.032 -0.471 -2.899 -1.587 -2.822
8 L -1.643 -5.434 -6.151 -6.486 -5.199 -5.391 -8.023 -7.454 -7.549 1.036 4.079 -4.391 0.495 -4.203 -5.997 -3.62 -3.407 -7.264 -6.447 4.873