#Seq2Logo.py -f /var/www/firstdemo/app/static/images/202208221407254/HPLC/gibbscluster/2nd_Exp_HPLC/cores/gibbs.2of2.core -o /var/www/firstdemo/app/static/images/202208221407254/HPLC/gibbscluster/2nd_Exp_HPLC/logos/gibbs_logos_2of2 -I 2 --format [JPEG] -b 200 -C 2 -t Group 2 of 2
Last position-specific scoring matrix computed, values are in halfbits
A R N D C Q E G H I L K M F P S T W Y V
0 A 1.509 0.745 -1.776 -6.373 -8.254 -0.885 -5.569 0.031 0.614 0.366 -1.826 1.671 -1.644 2.163 -5.341 0.947 0.305 -3.458 2.034 0.515
1 L 0.496 -7.069 -7.056 -6.141 -7.752 0.009 -7.422 -5.992 -9.452 1.337 4.952 -7.392 3.163 -6.329 -7.576 -3.295 -1.782 -9.508 -6.907 0.87
2 L 0.696 -6.448 0.013 2.098 -8.261 0.962 -2.663 -2.802 0.141 1.125 1.174 -4.505 2.466 0.563 -1.84 -0.394 0.03 -0.642 1.271 -0.141
3 E -0.691 -2.487 0.471 3.446 -7.029 0.026 3.254 0.354 0.601 -4.783 -3.607 -0.77 -4.647 -4.534 2.029 0.306 -1.037 -8.215 -3.753 -3.105
4 V -0.196 -0.281 0.256 -0.701 -7.475 0.969 0.078 -0.539 2.641 0.219 -0.017 0.346 -1.172 -0.413 -1.506 -0.358 -0.0 -4.75 0.289 1.09
5 V -0.933 -3.628 0.015 -2.052 -8.075 0.108 -1.269 -3.057 -1.819 2.203 1.665 -2.375 -0.988 -0.09 0.702 -0.878 0.576 -9.257 -2.409 2.72
6 P -0.044 -0.82 -1.12 -3.337 -4.906 0.895 -0.27 -7.444 3.639 0.848 -0.172 -1.327 0.173 -0.08 2.521 -1.559 0.489 -3.596 0.64 1.25
7 E 0.773 0.13 -0.069 -4.025 -5.706 1.903 1.789 -0.698 1.814 -4.131 -1.041 0.599 -1.629 -0.981 -4.276 1.146 1.54 -5.964 1.174 -1.735
8 L -0.133 -6.884 -9.744 -8.57 -5.744 -6.874 -10.479 -8.25 -7.959 1.328 4.153 -5.978 0.284 -6.28 -10.813 -6.104 -5.854 -9.673 -8.861 4.956