#Seq2Logo.py -f /var/www/firstdemo/app/static/images/202208221407254/HPLC/gibbscluster/2nd_Exp_HPLC/cores/gibbs.5of5.core -o /var/www/firstdemo/app/static/images/202208221407254/HPLC/gibbscluster/2nd_Exp_HPLC/logos/gibbs_logos_5of5 -I 2 --format [JPEG] -b 200 -C 2 -t Group 5 of 5
Last position-specific scoring matrix computed, values are in halfbits
A R N D C Q E G H I L K M F P S T W Y V
0 K 0.328 1.566 -0.872 -6.198 -5.697 -1.593 -4.35 0.439 1.204 -1.974 -2.347 2.119 -0.627 2.537 -7.724 0.368 1.294 -3.761 1.478 0.929
1 L -6.195 -5.987 -5.819 -6.511 -6.067 -4.936 -7.842 -6.565 -8.061 1.861 5.382 -7.243 4.038 -5.104 -9.37 -7.77 -3.673 -4.982 -7.035 1.33
2 L 0.671 -5.57 0.873 1.002 -6.53 0.448 -2.723 -2.807 1.001 0.563 1.972 -3.454 3.316 0.627 -2.36 -0.46 -1.783 0.051 1.353 -0.545
3 E -0.637 -1.819 1.006 3.615 -7.306 0.385 3.352 0.362 -0.192 -4.295 -6.148 -0.851 -4.01 -5.605 1.705 -0.247 -0.848 -6.49 -4.363 -2.465
4 S -0.267 0.348 1.204 -0.289 -5.07 1.64 0.687 -1.115 2.861 0.92 -1.216 0.916 -1.961 -1.012 -2.468 0.413 -1.19 -4.052 -1.027 -0.018
5 L -3.313 -3.732 -0.063 -2.373 -6.317 -2.694 -2.976 -4.04 -2.607 3.287 2.287 -1.903 -0.33 -0.483 1.668 -4.311 -0.35 -5.951 -4.538 3.131
6 V 0.203 -2.387 -2.113 -2.026 -6.578 1.813 0.206 -6.378 2.346 0.136 -0.357 -1.605 0.552 -0.128 1.64 -1.86 1.073 -1.812 1.238 2.139
7 E -0.479 -0.743 0.965 -2.891 -6.935 2.394 2.119 -0.35 1.92 -4.796 -3.022 1.052 -0.727 -2.052 -5.113 0.347 2.147 -7.444 2.235 -1.805
8 V 0.541 -6.059 -8.786 -8.993 -3.959 -8.361 -8.767 -7.021 -8.274 2.056 3.292 -6.525 0.008 -4.905 -7.626 -6.358 -5.76 -7.972 -4.137 5.282