#Seq2Logo.py -f /var/www/firstdemo/app/static/images/202208221407254/HPLC/gibbscluster/2nd_Exp_HPLC/cores/gibbs.1of4.core -o /var/www/firstdemo/app/static/images/202208221407254/HPLC/gibbscluster/2nd_Exp_HPLC/logos/gibbs_logos_1of4 -I 2 --format [JPEG] -b 200 -C 2 -t Group 1 of 4
Last position-specific scoring matrix computed, values are in halfbits
A R N D C Q E G H I L K M F P S T W Y V
0 F -0.946 -2.582 -0.892 -0.068 -4.975 0.358 -1.643 -3.671 2.931 0.471 0.342 -3.723 2.532 3.883 -5.608 -0.306 0.106 -3.201 2.611 -0.4
1 A 4.327 -6.651 -3.647 -3.555 -3.272 -2.694 -5.456 0.285 -6.302 -1.455 -3.744 -5.773 -0.611 -4.215 4.655 0.429 -1.564 -8.659 -5.903 -0.584
2 I 1.041 -1.57 -0.003 -1.883 -6.529 -0.603 -2.454 -2.233 2.46 2.517 -3.584 0.636 0.409 1.919 -6.034 -0.895 -1.607 -7.1 2.503 1.976
3 P 0.089 -1.272 -0.23 1.815 -5.078 -0.839 0.319 0.768 1.669 -1.929 -2.061 -0.698 -1.328 -1.485 3.278 0.658 -0.512 -3.196 -1.654 -1.472
4 P -0.314 -0.574 -0.458 -0.653 -6.794 -1.603 -0.225 1.633 3.228 -1.192 -3.904 -2.089 -3.55 -2.857 3.545 1.023 0.188 -2.381 -2.386 0.271
5 G 0.062 0.828 -1.173 -0.992 -6.73 1.031 -1.273 2.425 1.627 -1.443 -2.19 -0.924 -1.162 0.995 -0.52 1.456 0.61 -7.837 -2.027 -1.072
6 S 0.347 0.767 -0.416 -3.885 -6.366 1.169 -3.153 -1.73 1.656 0.506 0.742 -1.099 0.527 -2.557 -2.785 1.819 1.753 -7.984 -3.089 0.836
7 S 1.975 -1.901 -2.876 -3.43 -6.198 1.263 -0.103 -1.77 -0.849 -1.538 -1.765 -2.229 -2.257 -2.877 -1.369 2.532 1.764 -4.277 -0.695 2.113
8 L -5.222 -5.636 -5.367 -8.272 -4.429 -6.431 -7.653 -7.058 -2.916 -2.614 3.66 -5.282 1.987 4.22 -7.069 -6.13 -6.241 -3.758 6.607 -3.864