#Seq2Logo.py -f /var/www/firstdemo/app/static/images/202208221407254/HPLC/gibbscluster/2nd_Exp_HPLC/cores/gibbs.2of3.core -o /var/www/firstdemo/app/static/images/202208221407254/HPLC/gibbscluster/2nd_Exp_HPLC/logos/gibbs_logos_2of3 -I 2 --format [JPEG] -b 200 -C 2 -t Group 2 of 3
Last position-specific scoring matrix computed, values are in halfbits
A R N D C Q E G H I L K M F P S T W Y V
0 A 1.39 1.122 -1.385 -5.627 -6.51 -0.411 -3.78 0.37 1.257 0.129 -2.188 1.978 -1.88 0.205 -7.041 1.261 0.691 -2.983 1.513 0.381
1 L -5.314 -7.059 -6.067 -5.424 -7.008 -0.106 -6.892 -6.487 -8.725 1.255 5.354 -6.415 3.669 -6.089 -6.256 -5.58 -2.782 -5.908 -6.833 0.971
2 L 0.949 -5.817 0.105 1.78 -7.433 1.343 -3.739 -1.884 0.552 0.578 1.451 -3.383 2.147 0.616 -2.462 -0.21 -0.315 0.064 1.331 -0.695
3 E -0.693 -2.219 0.699 3.411 -6.182 0.265 3.348 0.303 0.792 -4.564 -4.112 -0.619 -4.316 -3.742 1.225 0.411 -1.101 -7.338 -3.705 -2.618
4 L -0.106 -0.692 0.183 -0.479 -6.631 1.222 0.528 -1.036 2.167 0.553 0.159 0.354 -1.513 0.084 -2.51 -0.468 -0.101 -4.385 0.504 0.907
5 L -1.891 -4.66 -0.52 -2.865 -7.202 0.656 -1.181 -4.49 -3.093 2.675 2.377 -2.793 -0.812 -1.183 0.827 -3.249 -0.274 -8.824 -2.503 3.18
6 V -0.015 -2.437 -0.997 -2.622 -4.593 1.033 0.393 -6.609 3.273 0.895 -0.208 -1.831 0.053 0.438 2.092 -1.97 0.45 -2.899 0.792 1.735
7 E 0.384 0.508 0.076 -4.006 -4.874 2.008 1.699 -0.101 2.084 -4.685 -0.912 1.104 -0.507 -2.768 -4.6 0.742 1.704 -5.136 0.819 -2.363
8 V 0.342 -6.32 -9.572 -7.674 -4.441 -7.413 -9.57 -8.249 -9.178 1.978 2.797 -5.994 -0.234 -5.741 -8.007 -4.888 -5.089 -8.924 -5.311 5.656