#Seq2Logo.py -f /var/www/firstdemo/app/static/images/202208221407254/HPLC/gibbscluster/2nd_Exp_HPLC/cores/gibbs.2of4.core -o /var/www/firstdemo/app/static/images/202208221407254/HPLC/gibbscluster/2nd_Exp_HPLC/logos/gibbs_logos_2of4 -I 2 --format [JPEG] -b 200 -C 2 -t Group 2 of 4
Last position-specific scoring matrix computed, values are in halfbits
A R N D C Q E G H I L K M F P S T W Y V
0 A 1.506 0.178 -3.122 -7.423 -5.604 -0.956 -5.766 -1.558 -0.457 0.297 -1.516 1.936 -2.321 2.911 -4.767 0.82 0.067 -3.622 2.985 0.738
1 L 1.903 -6.849 -5.416 -6.381 -6.65 -0.519 -8.439 -4.677 -8.448 1.368 4.67 -8.344 0.435 -5.663 -8.465 -2.039 -0.921 -8.587 -7.9 1.243
2 L 0.675 -7.276 0.468 2.185 -5.019 0.49 -2.672 -4.461 -1.411 1.983 1.275 -6.725 2.081 0.061 -2.767 -0.468 0.026 -1.886 1.615 0.361
3 E -1.563 -2.605 0.34 3.386 -8.034 0.102 3.546 1.061 -0.043 -4.831 -5.511 -2.2 -3.332 -5.693 2.609 0.427 -1.343 -4.536 -4.406 -3.978
4 V 0.11 0.508 0.849 -1.746 -7.458 1.257 -0.75 -0.462 3.418 -1.526 -0.702 0.797 -2.019 -0.53 -1.511 0.436 -0.945 -5.716 0.282 1.34
5 L -0.808 -4.245 -0.035 -2.045 -6.574 -1.166 -0.869 -2.689 -1.152 2.506 1.262 -3.042 -1.807 -0.336 0.824 0.789 1.017 -8.167 -1.653 2.007
6 P -0.682 0.03 -0.709 -3.265 -7.599 -0.025 -0.316 -7.119 4.185 -0.582 0.403 0.193 0.653 0.53 3.161 -1.647 -2.807 -2.744 1.524 0.251
7 E 1.475 0.296 0.304 -2.75 -6.404 0.288 2.571 -3.783 2.158 -3.696 -1.987 0.261 -4.265 -1.663 -4.116 1.823 1.457 -8.531 -0.056 -0.841
8 L -0.829 -6.744 -9.623 -9.849 -6.61 -8.341 -8.524 -7.736 -7.752 0.627 4.952 -7.432 0.924 -5.463 -7.097 -7.112 -6.181 -8.539 -6.668 4.06