#Seq2Logo.py -f /immunolyser-data/data/202208221407254/HPLC/1st_Exp_HPLC_9mer.txt -o app/static/images/202208221407254/HPLC/seqlogos/1st_Exp_HPLC --format [JPEG] -t 1st_Exp_HPLC -S 2 -I 2
Last position-specific scoring matrix computed, values are in halfbits
A R N D C Q E G H I L K M F P S T W Y V
1 A 0.716 -0.554 -1.069 -1.859 -6.553 -0.159 -2.461 -0.951 1.222 0.336 -0.428 0.637 0.833 2.059 -3.216 0.718 0.403 -3.398 2.098 0.306
2 L 1.401 -7.142 -4.526 -3.322 -5.185 0.13 -4.246 -1.704 -4.783 0.544 3.805 -6.647 2.875 -4.867 2.018 -1.561 -1.654 -8.087 -6.313 0.257
3 L 0.87 -1.479 0.416 1.165 -5.669 0.902 -2.453 -2.499 1.38 1.059 0.374 -1.356 2.125 0.478 -1.56 -0.165 -1.035 -1.003 1.282 0.056
4 E -0.066 -2.184 -0.097 2.591 -6.669 0.527 2.785 0.243 -0.309 -2.455 -2.04 -1.3 -3.337 -2.542 2.195 0.423 -0.479 -4.905 -3.247 -1.856
5 V -0.027 -0.926 0.387 -0.479 -7.676 0.93 0.863 -0.085 1.473 0.052 -0.683 -0.579 -1.387 -1.026 0.757 0.252 0.32 -4.394 -0.63 0.79
6 V -0.74 -2.403 0.057 -1.997 -6.672 0.627 -0.682 -0.575 -1.029 1.48 0.902 -1.591 -0.947 -0.921 0.779 0.098 0.943 -6.416 -1.705 2.003
7 V 0.179 -1.125 -0.657 -2.907 -8.047 1.39 -0.196 -3.84 2.323 0.338 0.053 -1.412 -0.185 -1.049 1.785 0.005 1.06 -4.135 0.134 1.4
8 S 1.132 -0.777 -0.564 -3.345 -6.269 1.912 1.277 -1.063 0.647 -3.271 -1.009 -0.021 -1.227 -1.907 -1.524 1.68 1.773 -6.916 0.176 -0.17
9 L -0.68 -3.227 -6.357 -8.59 -7.088 -5.824 -6.899 -6.752 -4.176 0.252 3.28 -3.93 0.544 0.983 -4.113 -5.188 -3.97 -7.328 4.308 3.931