#Seq2Logo.py -f /immunolyser-data/data/202208221407254/HPLC/2nd_Exp_HPLC_9mer.txt -o app/static/images/202208221407254/HPLC/seqlogos/2nd_Exp_HPLC --format [JPEG] -t 2nd_Exp_HPLC -S 2 -I 2
Last position-specific scoring matrix computed, values are in halfbits
A R N D C Q E G H I L K M F P S T W Y V
1 F 0.456 -0.597 -1.231 -1.573 -6.565 0.37 -2.08 -1.166 1.927 0.024 -0.604 0.278 0.792 2.783 -3.047 0.431 0.099 -3.259 2.411 0.046
2 L 1.942 -7.288 -4.372 -2.675 -6.198 -0.498 -4.358 -1.284 -6.848 0.128 3.528 -7.115 2.154 -5.186 2.801 -1.121 -1.869 -8.668 -6.562 0.174
3 I 0.673 -0.354 0.634 0.625 -6.038 0.364 -3.139 -3.155 1.951 1.503 0.016 -0.277 1.584 0.615 -1.673 -0.588 -0.794 -2.515 1.627 0.335
4 E -0.446 -1.931 0.026 2.619 -7.133 0.242 2.55 0.251 0.588 -2.594 -1.901 -0.798 -2.953 -2.641 2.426 0.439 -0.825 -5.458 -2.732 -1.874
5 V -0.315 -0.492 0.174 -0.616 -7.449 0.717 0.789 -0.065 2.309 -0.282 -0.431 -0.364 -1.859 -0.99 1.023 0.159 -0.027 -4.021 -0.488 0.773
6 L -0.699 -1.44 -0.441 -1.395 -6.145 0.649 -0.996 -0.207 0.4 1.257 0.877 -1.431 -1.224 -0.115 0.435 0.155 0.674 -7.097 -1.682 1.76
7 V 0.118 -0.886 -0.976 -3.421 -5.621 1.017 -0.22 -4.234 2.796 0.586 0.191 -0.989 -0.031 -1.148 1.499 0.014 1.052 -4.238 -0.388 1.502
8 S 1.416 -0.617 -1.084 -3.627 -5.518 1.594 1.301 -1.262 0.926 -2.778 -1.122 -0.207 -1.874 -1.624 -1.903 1.791 1.68 -6.672 -0.003 0.202
9 L -1.494 -5.71 -7.416 -10.234 -5.257 -6.567 -8.675 -7.728 -4.58 -0.158 3.523 -5.373 0.778 2.039 -4.913 -5.116 -4.528 -6.261 5.181 3.266