#Seq2Logo.py -f /immunolyser-data/data/202208221407254/HPLC/3rd_Exp_HPLC_9mer.txt -o app/static/images/202208221407254/HPLC/seqlogos/3rd_Exp_HPLC --format [JPEG] -t 3rd_Exp_HPLC -S 2 -I 2
Last position-specific scoring matrix computed, values are in halfbits
A R N D C Q E G H I L K M F P S T W Y V
1 K 0.607 1.334 -1.859 -3.03 -6.559 0.434 -3.138 0.068 1.512 0.013 -0.716 1.803 -0.161 1.76 -4.626 0.523 -0.573 -2.706 1.834 -0.387
2 L -0.034 4.113 -4.93 -3.599 -6.377 -0.195 -4.68 -3.303 -4.472 0.153 3.332 -5.895 2.438 -5.298 0.995 -2.595 -2.692 -6.393 -5.355 -0.503
3 L 0.408 -1.334 0.628 0.539 -5.613 0.153 -3.169 -2.684 1.897 1.128 0.695 -0.826 1.797 1.568 -2.506 -0.583 -0.554 1.431 1.433 -0.175
4 E -0.385 -1.0 0.126 2.251 -6.772 0.41 2.17 0.291 0.789 -1.835 -1.3 0.029 -2.785 -1.701 1.68 0.222 -0.95 -2.652 -2.266 -1.528
5 L -0.766 -0.104 -0.069 -0.926 -6.151 0.718 0.281 -0.365 2.035 0.715 0.03 0.388 -1.28 -0.042 -0.133 -0.326 -0.1 -1.757 -0.171 0.778
6 L -0.98 -0.867 -0.364 -1.926 -5.039 0.487 -1.07 -1.489 -0.051 1.689 1.18 -0.858 -0.552 0.138 0.311 -0.263 0.363 -3.678 -1.151 1.827
7 L -0.183 -1.223 -0.889 -3.068 -6.218 0.795 -0.125 -4.66 2.739 0.821 0.419 -1.089 -0.247 0.45 1.455 -0.648 0.503 0.083 0.637 1.288
8 S 0.567 0.24 -0.047 -3.445 -5.061 1.762 1.012 -0.548 1.543 -3.127 -0.478 0.544 -1.694 -1.034 -2.099 1.079 1.283 -4.492 0.584 -0.364
9 L -0.873 -1.67 -6.846 -8.028 -4.891 -5.539 -7.128 -7.204 -2.428 0.537 3.394 -2.234 1.076 2.385 -5.104 -5.888 -4.263 -5.932 3.487 3.395