#Seq2Logo.py -f /var/www//firstdemo/app/static/images/202101267/VMM/gibbscluster/VMM1_1st_nil_DT9_peptide/cores/gibbs.1of2.core -o /var/www//firstdemo/app/static/images/202101267/VMM/gibbscluster/VMM1_1st_nil_DT9_peptide/logos/gibbs_logos_1of2 -I 2 --format [JPEG] -b 200 -C 2 -t Group 1 of 2
Last position-specific scoring matrix computed, values are in halfbits
A R N D C Q E G H I L K M F P S T W Y V
0 A 1.8 -0.777 -2.085 0.766 -1.489 0.135 1.216 0.32 2.55 -1.592 -2.449 0.732 -2.891 -1.035 -3.565 0.557 0.37 -4.032 -0.582 0.026
1 E -0.027 -2.65 -3.16 -2.005 -2.595 -1.248 3.724 -2.192 -2.859 0.666 0.269 -2.273 -1.469 -3.191 -2.608 -1.695 1.744 -4.327 -3.652 2.465
2 A 1.86 -2.498 -1.461 1.014 -2.694 -1.53 -1.509 -0.405 0.479 1.272 -1.219 -1.375 -2.431 1.768 -1.372 -1.27 -1.406 -1.134 3.781 0.024
3 P -0.049 -1.801 1.395 0.795 -2.991 0.416 0.471 1.128 -1.092 -1.293 -1.062 0.631 -2.936 -3.019 2.32 -0.376 0.321 -2.04 -2.246 -0.516
4 P -0.38 0.001 -0.757 -0.508 -3.034 -0.175 0.285 1.312 -0.571 -0.789 -1.768 1.433 -2.076 -1.348 2.666 -2.003 -0.169 -4.138 0.049 0.734
5 P -0.198 -0.155 -1.177 -2.149 -2.676 -1.45 -2.075 -0.501 1.43 1.212 0.14 0.285 -1.567 -0.775 2.395 -0.748 0.496 -1.824 -0.257 1.244
6 V 0.218 -2.29 -2.316 -2.129 -2.431 -0.849 -0.362 -1.471 0.678 2.306 0.565 -0.057 -1.262 -0.97 -0.455 -0.608 0.928 -3.986 -0.588 2.081
7 K 0.616 0.885 0.386 -2.42 -2.933 0.682 0.105 0.515 2.019 -2.55 -0.592 1.832 -1.962 -2.102 -0.379 -0.112 0.745 -3.935 0.256 -1.19
8 L -3.353 0.75 -3.685 -4.237 -3.045 -2.028 -3.52 -4.504 0.812 0.488 2.675 3.005 -1.479 0.329 -2.167 -4.07 -3.045 -2.535 4.19 -0.191