#Seq2Logo.py -f /var/www//firstdemo/app/static/images/202101267/VMM/gibbscluster/VMM1_1st_nil_DT9_peptide/cores/gibbs.2of2.core -o /var/www//firstdemo/app/static/images/202101267/VMM/gibbscluster/VMM1_1st_nil_DT9_peptide/logos/gibbs_logos_2of2 -I 2 --format [JPEG] -b 200 -C 2 -t Group 2 of 2
Last position-specific scoring matrix computed, values are in halfbits
A R N D C Q E G H I L K M F P S T W Y V
0 A 2.018 -0.981 -0.206 -0.732 -3.255 0.368 -2.311 -1.906 1.264 -0.575 -1.146 0.82 -2.028 -0.41 -4.946 1.993 -0.013 -4.225 2.091 -0.087
1 R 1.836 5.186 -1.534 -3.669 -3.668 -0.453 -2.474 -0.733 -0.43 -3.499 -1.824 -1.37 -2.224 -3.321 -3.796 0.45 -0.893 -4.458 1.374 -1.092
2 Y 0.367 -2.74 1.349 -3.583 -3.565 -3.056 -3.196 -1.192 0.486 -0.502 -1.942 -0.222 -3.443 2.03 2.045 1.285 -0.45 -2.646 4.156 -0.628
3 P -0.411 -3.93 -0.154 3.205 -3.998 -0.433 1.583 0.984 -0.577 -2.923 -2.507 -1.983 -3.306 -1.814 3.53 0.507 -1.64 -5.29 -1.087 -2.749
4 I -0.708 -0.497 0.277 -2.068 -3.619 0.606 -1.095 -0.233 3.005 1.521 -0.051 1.264 -1.813 1.149 -1.894 -0.29 -0.656 -4.46 -0.211 0.362
5 V 0.097 -1.15 -2.429 -2.666 -3.148 0.394 -0.683 -1.689 -0.448 2.527 -1.082 -1.588 -2.16 -3.136 1.286 -0.667 0.922 -4.993 -1.26 3.09
6 R -2.57 4.854 1.354 -3.753 -4.243 2.324 -2.426 -3.963 1.145 -2.823 -2.55 2.386 -2.804 -1.441 -1.683 -0.964 -1.857 -4.779 -0.764 0.07
7 K -0.54 -0.039 0.839 -1.275 -3.73 2.047 1.027 -2.375 2.373 -0.256 -1.056 1.353 -2.554 -1.634 -4.377 -0.334 0.788 -1.439 1.444 0.512
8 L -2.479 -3.724 -4.061 -5.835 -2.974 -5.111 -5.577 -5.692 -2.365 1.853 3.339 -2.201 -0.53 0.618 -6.079 -4.785 -3.03 -3.788 2.81 4.015