#Seq2Logo.py -f /var/www/firstdemo/app/static/images/202208221407254/HPLC/gibbscluster/3rd_Exp_HPLC/cores/gibbs.4of5.core -o /var/www/firstdemo/app/static/images/202208221407254/HPLC/gibbscluster/3rd_Exp_HPLC/logos/gibbs_logos_4of5 -I 2 --format [JPEG] -b 200 -C 2 -t Group 4 of 5
Last position-specific scoring matrix computed, values are in halfbits
A R N D C Q E G H I L K M F P S T W Y V
0 G 1.055 3.051 -2.456 -5.127 -5.871 1.451 -3.02 2.335 1.193 -1.034 -2.707 2.309 -2.575 -2.661 -7.36 1.012 -1.782 -3.005 -0.687 -1.891
1 R -8.752 8.063 -3.554 -4.78 -8.033 -0.224 -6.308 -6.407 -3.469 -7.734 -8.742 -2.868 -7.058 -6.787 -6.686 -5.548 -5.975 -5.756 -4.889 -8.587
2 L -1.088 -4.512 1.391 -3.118 -4.416 -0.706 -4.227 -3.163 1.671 1.109 1.73 -0.054 0.186 3.155 -7.282 -0.58 0.517 2.287 1.438 -0.161
3 L -0.519 -0.418 0.268 0.912 -7.232 0.906 0.143 1.05 -0.514 -0.76 0.195 0.656 -2.367 0.444 0.533 0.292 -1.608 -0.7 -0.588 -1.067
4 L -1.431 -1.397 -1.147 -1.959 -5.761 0.762 -0.93 -0.185 -0.335 1.9 1.453 -0.315 -0.4 1.242 -1.082 -1.225 -0.627 -1.365 0.832 1.247
5 L -0.595 0.314 -1.303 -2.386 -7.979 1.18 -0.616 -2.127 0.396 1.961 0.666 0.177 -0.592 0.839 -0.612 -1.29 0.143 -1.615 0.114 1.324
6 L -0.615 -1.799 -0.406 -3.227 -4.69 0.284 -0.27 -3.94 0.915 1.125 1.257 -1.135 -0.199 2.011 -1.032 -1.279 0.282 1.179 1.741 1.413
7 L -0.394 0.728 1.314 -2.955 -6.424 1.716 0.078 0.612 1.018 -2.658 0.448 0.456 -1.795 -0.255 -3.869 0.459 0.874 -3.256 0.382 -0.573
8 L -5.107 1.826 -5.904 -8.308 -6.414 -5.349 -7.059 -6.867 0.152 -0.355 2.965 0.999 3.114 4.6 -8.835 -6.551 -4.965 -3.505 2.798 -0.077