#Seq2Logo.py -f /var/www/firstdemo/app/static/images/202208221407254/HPLC/gibbscluster/3rd_Exp_HPLC/cores/gibbs.2of4.core -o /var/www/firstdemo/app/static/images/202208221407254/HPLC/gibbscluster/3rd_Exp_HPLC/logos/gibbs_logos_2of4 -I 2 --format [JPEG] -b 200 -C 2 -t Group 2 of 4
Last position-specific scoring matrix computed, values are in halfbits
A R N D C Q E G H I L K M F P S T W Y V
0 K 0.927 0.908 -1.453 -6.108 -5.721 -0.742 -5.916 -0.537 1.23 0.589 -0.642 2.192 -1.193 2.136 -5.967 0.58 -0.122 -3.382 2.201 -0.084
1 L -4.521 -7.124 -8.357 -5.874 -4.799 0.547 -5.252 -5.883 -9.512 -0.64 5.506 -8.421 3.824 -5.784 -9.545 -4.529 -2.71 -9.453 -5.567 0.622
2 D 1.603 -6.943 1.181 3.379 -4.689 -0.224 -3.936 -1.48 1.552 -3.173 -0.573 -3.927 1.257 1.45 -1.201 0.22 -1.583 3.205 2.44 -3.816
3 E -0.467 -1.612 1.202 2.74 -5.107 -0.729 3.134 -1.672 1.494 -3.105 -4.836 0.023 -5.011 -3.904 2.232 0.545 -0.447 -3.325 -3.354 -1.86
4 I -0.512 -0.441 0.998 -0.952 -6.046 0.248 -0.828 0.61 1.511 1.524 -0.043 0.606 -0.331 -1.516 -2.495 -0.264 0.759 -2.704 -0.586 0.379
5 L -1.046 -0.749 1.427 -0.703 -4.036 1.25 0.119 -3.479 0.141 1.738 0.569 -0.058 -0.247 -2.665 2.184 -2.727 0.791 -4.824 -1.06 0.113
6 L 0.651 -3.938 -0.766 -2.545 -5.907 -1.105 -0.863 -6.46 2.84 1.936 0.711 -1.196 0.096 0.841 2.233 -2.59 0.718 -0.913 0.201 0.876
7 R -0.629 2.064 0.434 -4.015 -6.696 2.24 -0.319 -1.08 3.02 -4.161 -0.118 0.522 -1.195 0.456 -4.877 -0.105 1.428 -5.466 1.653 -1.282
8 L -0.072 -8.414 -6.899 -8.244 -4.754 -6.939 -8.16 -8.086 -10.0 1.875 3.964 -6.484 -0.979 -6.321 -5.491 -6.186 -4.996 -9.722 -4.779 4.943