#Seq2Logo.py -f /var/www/firstdemo/app/static/images/202208221407254/HPLC/gibbscluster/3rd_Exp_HPLC/cores/gibbs.2of3.core -o /var/www/firstdemo/app/static/images/202208221407254/HPLC/gibbscluster/3rd_Exp_HPLC/logos/gibbs_logos_2of3 -I 2 --format [JPEG] -b 200 -C 2 -t Group 2 of 3
Last position-specific scoring matrix computed, values are in halfbits
A R N D C Q E G H I L K M F P S T W Y V
0 G 0.901 2.728 -2.412 -4.197 -4.461 1.258 -2.477 2.054 1.232 -0.658 -1.69 2.204 -2.237 -1.954 -3.78 0.947 -1.93 -3.495 -0.762 -1.603
1 R -6.492 7.714 -2.823 -1.659 -3.909 -0.085 -2.506 -5.265 -1.754 -6.609 -8.505 -2.496 -3.582 -6.936 -5.143 -3.627 -4.525 -3.958 -3.523 -7.443
2 L -0.891 -3.807 1.289 -2.138 -4.938 -0.753 -2.827 -2.186 1.73 0.914 1.538 -0.026 0.165 3.014 -5.702 -0.437 0.377 1.802 1.203 -0.244
3 L -0.434 -0.604 0.044 0.728 -5.082 0.754 0.13 0.81 -0.282 -0.359 0.404 0.669 -2.164 0.15 0.915 0.334 -1.659 -1.214 -0.673 -1.077
4 L -1.203 -1.503 -1.14 -1.991 -5.766 0.834 -1.254 -0.212 -0.284 1.756 1.67 -0.322 -0.475 1.181 -0.869 -1.365 -0.436 -1.37 0.613 1.137
5 L -0.55 0.226 -1.044 -2.514 -5.773 1.145 -0.759 -2.25 0.391 1.744 0.777 0.271 -0.786 0.887 -0.344 -0.817 0.094 -1.858 -0.167 1.233
6 L -0.555 -1.721 -0.489 -3.133 -4.84 0.197 -0.529 -3.387 0.762 1.069 1.264 -1.537 -0.079 1.915 0.084 -0.926 0.331 1.01 1.446 1.258
7 L -0.18 0.749 0.928 -2.831 -5.053 1.401 0.164 0.526 0.849 -2.368 0.605 0.312 -1.989 -0.259 -2.592 0.483 0.705 -3.38 0.464 -0.429
8 L -4.581 1.578 -4.977 -8.048 -6.306 -4.137 -6.774 -6.131 0.344 -0.086 2.979 0.965 2.808 4.347 -5.422 -5.18 -3.111 -3.706 2.784 -0.278