#Seq2Logo.py -f /var/www/firstdemo/app/static/images/202208221407254/HPLC/gibbscluster/3rd_Exp_HPLC/cores/gibbs.4of4.core -o /var/www/firstdemo/app/static/images/202208221407254/HPLC/gibbscluster/3rd_Exp_HPLC/logos/gibbs_logos_4of4 -I 2 --format [JPEG] -b 200 -C 2 -t Group 4 of 4
Last position-specific scoring matrix computed, values are in halfbits
A R N D C Q E G H I L K M F P S T W Y V
0 K 1.367 1.645 -2.783 -6.743 -8.613 -0.365 -6.188 -0.259 0.594 -0.339 -2.526 2.785 -1.771 1.966 -10.255 0.853 -0.156 -3.492 1.931 0.317
1 L 0.604 -8.544 -6.875 -8.311 -7.985 -0.41 -7.309 -6.762 -7.947 2.758 4.613 -8.16 3.652 -6.227 -8.368 -4.084 -1.474 -9.754 -5.89 0.785
2 L -0.011 -3.47 -1.549 -1.797 -5.411 1.435 -2.43 -3.877 1.463 2.473 1.904 -3.334 3.378 -1.165 -3.256 -0.574 0.128 0.639 -1.225 1.047
3 E -1.142 -0.916 -0.109 3.568 -9.29 1.471 3.133 1.148 1.051 -5.171 -3.674 -0.357 -3.937 -5.536 0.431 0.19 -0.998 -4.396 -4.472 -4.997
4 V -0.39 1.285 -0.561 -0.629 -4.943 1.118 1.009 -1.961 3.653 -1.109 -1.859 1.233 -2.398 -0.043 -1.622 -0.172 -0.715 -3.649 0.127 1.225
5 V -2.023 -6.564 -1.958 -4.551 -4.035 -1.991 -3.823 -2.434 -3.945 2.777 2.475 -7.24 -1.025 0.244 -3.925 0.672 -0.044 -5.042 -2.095 3.669
6 P -0.799 0.32 -1.147 -2.34 -6.109 1.96 1.069 -7.5 4.397 -1.96 -2.483 -0.655 -0.659 -0.649 2.378 -0.568 -0.373 0.653 1.158 1.152
7 E 0.988 -1.709 -0.429 -3.922 -4.583 1.925 2.697 -0.662 0.764 -5.632 -2.69 1.701 -2.065 -3.738 -2.795 1.657 1.334 -4.381 0.569 -2.12
8 L 1.013 -8.498 -9.958 -10.915 -3.418 -7.718 -8.922 -7.37 -5.532 1.193 3.9 -7.118 0.459 -5.982 -7.698 -8.812 -4.978 -7.096 -4.626 4.911