#Seq2Logo.py -f /var/www/firstdemo/app/static/images/202208221407254/HPLC/gibbscluster/3rd_Exp_HPLC/cores/gibbs.1of5.core -o /var/www/firstdemo/app/static/images/202208221407254/HPLC/gibbscluster/3rd_Exp_HPLC/logos/gibbs_logos_1of5 -I 2 --format [JPEG] -b 200 -C 2 -t Group 1 of 5
Last position-specific scoring matrix computed, values are in halfbits
A R N D C Q E G H I L K M F P S T W Y V
0 L -0.055 -0.402 -3.028 -4.465 -4.992 0.453 -3.38 -3.739 -0.973 1.536 0.913 1.225 -0.099 2.137 -4.034 1.054 -0.678 -2.682 1.86 1.141
1 L 2.244 -1.635 -3.855 -2.737 -4.266 -1.047 -1.927 -2.816 -2.151 0.641 3.794 -3.834 0.541 -3.195 -1.91 -0.693 -0.725 -2.647 -2.676 -0.69
2 V 1.034 -3.479 -1.861 -3.544 -6.501 1.546 -0.136 -1.199 -1.348 0.928 0.574 -2.556 1.696 1.701 -0.531 1.022 -1.599 -2.452 -4.128 1.843
3 D -0.794 -0.362 -2.992 2.608 -3.031 1.446 2.078 -0.075 0.609 -1.173 -1.559 0.282 -2.246 -2.877 1.828 -1.136 -0.025 -2.706 -2.282 -0.678
4 V -0.06 0.427 -2.986 -0.603 -5.861 1.192 -0.506 -0.348 1.086 -0.669 0.234 0.437 -0.384 -0.579 2.457 -3.449 -3.066 -6.135 -0.785 2.298
5 S -0.124 -0.722 1.086 -0.743 -3.252 1.575 -0.189 0.893 -1.004 -2.774 0.68 -0.184 -1.986 -1.124 -0.577 1.816 -2.744 -3.082 -2.707 0.826
6 A 1.467 -0.857 -1.526 -3.598 -3.89 -0.343 -1.412 -2.192 1.443 1.043 -0.454 -0.266 0.719 0.418 2.233 0.761 0.13 -0.784 -1.331 -0.151
7 S -1.345 1.431 -1.413 -2.657 -2.96 0.797 1.271 -5.053 1.578 -1.954 1.239 -0.967 -1.032 0.557 1.633 2.494 -3.67 -4.396 -1.979 -1.657
8 L -0.705 -2.738 -4.855 -6.71 -3.63 -2.025 -3.653 -5.201 -2.736 0.313 5.094 -2.684 1.597 -2.477 -2.97 -3.296 -2.309 -2.808 -3.014 0.23