#Seq2Logo.py -f /var/www/firstdemo/app/static/images/202208221407254/HPLC/gibbscluster/3rd_Exp_HPLC/cores/gibbs.1of1.core -o /var/www/firstdemo/app/static/images/202208221407254/HPLC/gibbscluster/3rd_Exp_HPLC/logos/gibbs_logos_1of1 -I 2 --format [JPEG] -b 200 -C 2 -t Group 1 of 1
Last position-specific scoring matrix computed, values are in halfbits
A R N D C Q E G H I L K M F P S T W Y V
0 K 0.61 1.361 -1.862 -3.068 -6.569 0.477 -3.107 0.078 1.469 -0.04 -0.767 1.83 -0.152 1.72 -4.614 0.546 -0.572 -2.698 1.815 -0.356
1 L -0.033 4.098 -4.906 -3.627 -6.504 -0.207 -4.69 -3.32 -4.452 0.144 3.35 -5.878 2.451 -5.344 0.97 -2.568 -2.691 -6.403 -5.365 -0.498
2 L 0.449 -1.357 0.594 0.51 -5.655 0.099 -3.182 -2.646 1.871 1.134 0.703 -0.817 1.795 1.55 -2.509 -0.538 -0.544 1.415 1.431 -0.166
3 E -0.381 -0.938 0.15 2.262 -6.783 0.442 2.194 0.322 0.746 -1.854 -1.338 -0.032 -2.813 -1.724 1.639 0.24 -0.94 -2.734 -2.342 -1.534
4 L -0.726 -0.135 -0.094 -0.942 -6.083 0.761 0.282 -0.372 2.024 0.699 0.057 0.374 -1.318 -0.047 -0.149 -0.355 -0.104 -1.668 -0.176 0.803
5 L -0.967 -0.862 -0.379 -1.892 -5.1 0.473 -1.063 -1.442 -0.006 1.704 1.175 -0.868 -0.572 0.075 0.262 -0.297 0.434 -3.624 -1.115 1.811
6 L -0.155 -1.185 -0.934 -3.043 -6.114 0.767 -0.088 -4.667 2.77 0.82 0.394 -1.11 -0.274 0.442 1.474 -0.663 0.491 0.116 0.675 1.266
7 S 0.554 0.23 0.001 -3.434 -4.986 1.778 1.008 -0.527 1.496 -3.14 -0.458 0.494 -1.748 -0.981 -2.08 1.06 1.296 -4.502 0.605 -0.367
8 L -0.877 -1.694 -6.8 -8.038 -4.752 -5.51 -7.129 -7.248 -2.366 0.525 3.387 -2.256 1.133 2.376 -5.126 -5.934 -4.292 -5.803 3.46 3.424