#Seq2Logo.py -f /var/www/firstdemo/app/static/images/202208221407254/HPLC/gibbscluster/3rd_Exp_HPLC/cores/gibbs.2of2.core -o /var/www/firstdemo/app/static/images/202208221407254/HPLC/gibbscluster/3rd_Exp_HPLC/logos/gibbs_logos_2of2 -I 2 --format [JPEG] -b 200 -C 2 -t Group 2 of 2
Last position-specific scoring matrix computed, values are in halfbits
A R N D C Q E G H I L K M F P S T W Y V
0 K 1.089 1.259 -2.184 -8.125 -7.648 -0.523 -6.254 -0.518 0.751 0.215 -1.317 2.378 -1.587 2.272 -7.612 0.674 -0.067 -3.389 2.262 0.315
1 L 0.321 -9.698 -7.732 -7.59 -6.696 0.085 -7.16 -6.259 -8.571 1.625 4.945 -8.865 3.754 -6.726 -11.72 -4.066 -1.874 -11.437 -6.501 0.759
2 L 0.944 -4.848 -0.061 1.774 -5.534 0.74 -3.171 -2.508 1.497 1.076 0.92 -3.86 2.578 0.447 -2.201 -0.233 -0.666 1.98 1.16 -0.206
3 E -0.677 -1.308 0.456 3.159 -6.152 0.608 3.003 0.24 1.346 -3.861 -4.261 -0.277 -4.786 -4.857 1.738 0.416 -0.746 -3.88 -3.871 -2.974
4 V -0.419 0.628 0.238 -0.807 -5.481 0.893 0.163 -0.504 2.862 0.357 -0.983 0.881 -1.552 -0.725 -1.201 -0.153 0.052 -2.655 -0.111 0.807
5 L -1.387 -2.182 0.137 -2.225 -4.005 -0.034 -1.356 -2.293 -1.336 2.15 1.582 -2.02 -0.487 -0.762 0.652 -0.383 0.361 -5.302 -1.5 2.481
6 P 0.076 -0.839 -1.021 -2.588 -6.605 0.771 0.263 -7.105 3.773 0.533 -0.449 -0.943 -0.175 0.14 2.338 -1.449 0.233 -0.021 0.793 0.932
7 E 0.419 0.526 -0.031 -3.996 -5.677 2.003 1.522 -0.89 2.02 -4.989 -1.126 1.131 -1.452 -1.042 -3.288 1.047 1.435 -5.386 1.167 -1.469
8 L 0.561 -9.834 -8.166 -10.16 -4.256 -7.368 -8.54 -8.541 -6.448 1.434 4.072 -7.392 -0.185 -7.018 -7.495 -7.491 -5.291 -8.691 -5.207 4.882