#Seq2Logo.py -f /var/www/firstdemo/app/static/images/202208221407254/HPLC/gibbscluster/3rd_Exp_HPLC/cores/gibbs.2of5.core -o /var/www/firstdemo/app/static/images/202208221407254/HPLC/gibbscluster/3rd_Exp_HPLC/logos/gibbs_logos_2of5 -I 2 --format [JPEG] -b 200 -C 2 -t Group 2 of 5
Last position-specific scoring matrix computed, values are in halfbits
A R N D C Q E G H I L K M F P S T W Y V
0 A 1.572 0.151 -1.963 -6.69 -4.491 -2.769 -5.763 0.706 1.282 0.155 -0.263 0.918 -1.279 3.277 -4.596 0.349 -0.8 -3.609 1.872 0.112
1 L 2.402 -0.391 -7.203 -5.915 -4.304 0.265 -6.31 -4.087 -7.469 0.402 4.096 -5.739 1.967 -5.116 -6.088 -0.462 -1.378 -8.892 -4.841 0.356
2 D 0.086 -7.303 0.631 3.572 -4.56 -2.739 -2.577 -3.362 1.416 1.499 0.242 -7.16 1.56 0.973 -2.334 -0.72 -0.055 1.149 2.619 -1.218
3 P 0.075 -1.715 0.513 1.762 -5.014 -2.427 0.756 0.025 2.106 -1.867 -2.263 -3.244 -1.972 -2.764 3.863 1.485 -1.02 -4.564 -4.387 -1.015
4 T -0.41 0.692 1.41 -2.416 -5.978 -0.13 -2.564 -0.703 2.817 -1.64 -0.678 -0.106 -2.027 -1.335 0.592 1.056 1.787 -2.068 -1.039 0.978
5 P -0.188 0.22 0.347 -4.034 -3.268 -0.288 -2.556 -1.895 -1.343 0.799 0.101 -0.88 -1.586 -0.354 2.494 0.924 1.764 -7.966 -1.124 0.628
6 P -1.747 0.575 -0.836 -4.929 -6.739 0.302 -4.97 -7.017 3.729 0.634 1.402 -1.435 -1.323 -0.627 3.652 -1.534 0.247 -3.578 -0.542 0.929
7 A 2.284 -3.372 -3.021 -4.569 -5.862 1.469 0.646 0.918 2.169 -3.888 -0.646 -1.726 -1.762 -0.568 -7.668 0.004 2.389 -3.904 1.389 0.192
8 L -3.213 -6.377 -7.156 -7.891 -5.888 -7.566 -9.894 -5.85 -6.859 0.25 5.152 -6.252 1.007 -2.833 -5.016 -6.372 -3.197 -8.787 -8.012 3.644