#Seq2Logo.py -f /var/www/firstdemo/app/static/images/202208221407254/HPLC/gibbscluster/3rd_Exp_HPLC/cores/gibbs.3of4.core -o /var/www/firstdemo/app/static/images/202208221407254/HPLC/gibbscluster/3rd_Exp_HPLC/logos/gibbs_logos_3of4 -I 2 --format [JPEG] -b 200 -C 2 -t Group 3 of 4
Last position-specific scoring matrix computed, values are in halfbits
A R N D C Q E G H I L K M F P S T W Y V
0 G 1.181 2.837 -2.582 -4.739 -5.58 1.334 -2.073 2.207 0.995 -0.601 -2.454 2.339 -3.207 -3.742 -5.784 1.122 -2.124 -3.365 -0.95 -1.634
1 R -7.625 7.849 -3.278 -3.804 -4.413 -0.584 -3.977 -5.604 -1.737 -5.711 -7.348 -2.695 -5.01 -7.268 -6.889 -3.089 -4.421 -3.682 -4.548 -5.319
2 L -0.793 -3.9 1.294 -1.871 -4.001 -0.917 -3.405 -2.185 1.419 0.914 1.666 -0.31 0.364 2.995 -6.934 -0.277 0.544 1.937 1.002 -0.278
3 L -0.572 -0.47 0.139 0.955 -4.198 1.064 0.202 0.96 -0.487 -0.575 0.125 0.639 -2.25 0.399 0.434 0.477 -1.516 -0.876 -0.834 -1.241
4 L -1.353 -1.441 -1.216 -1.992 -4.731 0.558 -1.064 -0.394 -0.495 1.928 1.653 0.001 -0.749 1.249 -1.116 -1.323 -0.279 -1.634 0.559 1.097
5 L -0.582 0.24 -1.216 -2.589 -5.492 1.056 -0.793 -2.471 -0.111 1.877 1.012 0.247 -0.569 0.824 -0.35 -0.81 -0.272 -1.861 -0.185 1.337
6 L -0.546 -1.499 -0.511 -3.28 -4.901 0.199 -0.637 -3.735 0.666 1.169 1.293 -1.251 -0.122 1.964 0.103 -1.149 0.061 0.909 1.55 1.342
7 L -0.318 0.606 1.186 -2.656 -4.782 1.502 0.042 0.484 1.039 -2.37 0.753 0.387 -2.121 -0.359 -2.914 0.467 0.773 -3.192 0.377 -0.729
8 L -5.562 1.761 -5.9 -8.11 -8.292 -4.488 -7.243 -6.256 0.351 -0.237 3.073 1.046 2.874 4.329 -5.903 -4.604 -3.114 -3.448 2.243 0.096