#Seq2Logo.py -f /var/www/firstdemo/app/static/images/202208221407254/HPLC/gibbscluster/3rd_Exp_HPLC/cores/gibbs.3of3.core -o /var/www/firstdemo/app/static/images/202208221407254/HPLC/gibbscluster/3rd_Exp_HPLC/logos/gibbs_logos_3of3 -I 2 --format [JPEG] -b 200 -C 2 -t Group 3 of 3
Last position-specific scoring matrix computed, values are in halfbits
A R N D C Q E G H I L K M F P S T W Y V
0 F -1.383 -2.297 -0.926 -0.12 -4.733 0.288 -1.257 -4.814 2.251 0.254 1.233 -2.511 2.132 3.655 -2.223 -0.993 -0.546 -0.596 2.76 -0.446
1 A 3.366 -8.676 -4.135 -2.509 -8.102 -0.834 -3.681 -0.159 -3.734 -0.54 -0.116 -6.369 0.871 -2.673 4.485 0.393 -1.695 -5.162 -4.161 -0.613
2 I 0.492 1.559 0.798 -0.544 -5.834 -0.679 -3.021 -3.126 2.412 1.855 -2.512 0.716 1.078 1.272 -0.605 -1.44 -1.977 -4.728 2.054 0.756
3 P 0.332 -0.893 -1.08 1.231 -8.662 -0.786 1.293 -0.062 0.17 -1.154 -0.668 -0.512 -1.138 -1.312 3.086 -0.073 -0.756 -2.957 -2.271 -0.126
4 P -0.445 -0.458 0.258 -0.346 -5.074 -0.027 1.082 -0.041 1.992 -0.426 -1.437 -0.347 -1.78 -0.972 2.209 0.346 -0.245 -0.825 -1.836 0.605
5 S -0.241 0.292 -1.18 -1.247 -5.64 0.18 -1.369 0.785 0.993 -0.227 0.004 -0.592 -0.319 1.023 0.444 0.868 0.696 -2.969 -1.389 0.448
6 L -0.279 -0.199 -1.334 -3.608 -5.641 1.003 -1.173 -2.976 1.788 0.786 1.006 -0.374 -0.506 -2.537 1.061 0.541 1.178 -2.796 -2.361 1.554
7 S 1.772 -2.443 -2.61 -3.034 -3.642 0.98 0.757 -1.366 0.166 -1.56 -0.764 -2.052 -1.892 -1.33 -0.028 1.915 1.603 -3.636 -0.756 1.287
8 L -3.239 -4.535 -6.276 -5.366 -5.048 -4.278 -4.743 -5.621 -2.974 -2.301 3.399 -5.778 0.83 3.607 -2.542 -3.973 -3.943 -3.988 6.367 -0.711