#Seq2Logo.py -f /var/www/firstdemo/app/static/images/202208221407254/HPLC/gibbscluster/3rd_Exp_HPLC/cores/gibbs.1of2.core -o /var/www/firstdemo/app/static/images/202208221407254/HPLC/gibbscluster/3rd_Exp_HPLC/logos/gibbs_logos_1of2 -I 2 --format [JPEG] -b 200 -C 2 -t Group 1 of 2
Last position-specific scoring matrix computed, values are in halfbits
A R N D C Q E G H I L K M F P S T W Y V
0 L -0.123 1.493 -1.441 -1.061 -5.175 1.178 -1.421 0.719 2.08 -0.313 -0.094 0.929 0.809 1.016 -2.915 0.273 -1.281 -1.888 1.167 -1.463
1 R -0.309 6.291 -3.23 -1.758 -5.485 -0.515 -3.103 -1.58 -2.493 -4.202 -3.132 -3.808 -1.019 -4.074 3.137 -1.346 -3.805 -4.161 -4.221 -3.309
2 L -0.323 0.421 1.229 -2.545 -5.496 -0.953 -3.122 -2.671 2.294 1.21 0.386 0.851 0.36 2.47 -2.884 -0.951 -0.531 0.655 1.707 -0.059
3 L -0.046 -0.625 -0.44 0.633 -6.868 0.31 0.57 0.458 -0.338 -0.512 0.247 0.293 -1.439 -0.059 1.666 0.041 -1.165 -1.717 -1.045 -0.378
4 L -1.105 -1.349 -0.581 -1.092 -6.155 0.625 0.259 -0.141 0.533 1.108 0.909 -0.395 -1.017 0.558 0.717 -0.561 -0.356 -0.841 -0.233 0.836
5 L -0.521 0.244 -1.16 -1.622 -6.63 0.881 -0.744 -0.66 0.953 1.031 0.546 0.131 -0.675 0.905 -0.238 -0.215 0.419 -2.318 -0.68 0.872
6 L -0.521 -1.623 -0.737 -3.635 -5.217 0.71 -0.655 -3.071 0.588 1.09 1.164 -1.253 -0.33 0.841 -0.104 0.064 0.92 0.167 0.376 1.608
7 S 0.687 -0.094 0.052 -2.773 -4.077 1.341 0.096 -0.088 0.589 -1.753 0.161 -0.373 -1.934 -0.865 -1.074 1.104 1.119 -3.785 -0.252 0.538
8 Y -4.852 0.435 -5.481 -6.317 -5.292 -4.061 -5.779 -5.965 -0.524 -1.049 2.371 -0.303 2.095 4.49 -3.496 -4.5 -3.307 -4.055 5.583 -1.123