#Seq2Logo.py -f /var/www/firstdemo/app/static/images/202208221407254/HPLC/gibbscluster/3rd_Exp_HPLC/cores/gibbs.1of3.core -o /var/www/firstdemo/app/static/images/202208221407254/HPLC/gibbscluster/3rd_Exp_HPLC/logos/gibbs_logos_1of3 -I 2 --format [JPEG] -b 200 -C 2 -t Group 1 of 3
Last position-specific scoring matrix computed, values are in halfbits
A R N D C Q E G H I L K M F P S T W Y V
0 K 1.207 1.484 -2.113 -7.827 -9.825 -0.15 -6.128 -0.057 1.039 0.245 -2.154 2.647 -1.845 1.347 -11.48 0.84 0.03 -4.019 2.088 0.225
1 L -4.986 -7.503 -7.745 -7.867 -6.55 0.073 -8.791 -7.865 -11.038 1.719 5.352 -9.076 4.093 -6.83 -11.745 -8.633 -2.235 -10.887 -8.341 0.842
2 L 0.885 -5.036 -0.068 1.778 -5.167 0.859 -3.264 -2.407 1.671 0.689 1.187 -3.672 2.712 0.497 -2.807 -0.216 -0.536 2.515 1.134 -0.833
3 E -0.834 -1.225 0.782 3.282 -5.929 0.813 3.212 0.223 1.536 -4.126 -4.495 -0.29 -5.614 -5.022 0.858 0.42 -0.65 -3.871 -3.9 -3.435
4 V -0.557 0.573 0.236 -0.64 -5.828 0.941 0.362 -0.558 2.893 0.543 -0.673 1.029 -1.49 -0.521 -3.276 -0.347 0.063 -2.785 -0.037 0.759
5 L -1.737 -3.147 0.313 -1.971 -3.896 0.099 -1.014 -4.112 -1.352 2.454 1.802 -2.014 -0.548 -1.38 0.504 -0.804 0.416 -5.915 -1.722 2.607
6 P 0.098 -1.482 -0.929 -2.676 -6.164 0.734 0.485 -7.811 3.927 0.668 -0.809 -1.199 -0.176 0.349 2.195 -1.74 0.17 0.584 1.122 1.168
7 E -0.048 1.027 0.182 -3.823 -5.454 2.23 1.503 -0.786 2.3 -5.323 -1.128 1.52 -1.37 -1.153 -4.318 0.636 1.412 -6.154 1.295 -2.204
8 V 0.771 -8.795 -7.97 -10.006 -3.701 -7.62 -9.527 -8.969 -6.786 1.773 3.594 -7.026 -0.542 -7.314 -9.008 -8.011 -5.26 -11.203 -10.359 5.257