#Seq2Logo.py -f /var/www/firstdemo/app/static/images/202208221407254/HPLC/gibbscluster/3rd_Exp_HPLC/cores/gibbs.5of5.core -o /var/www/firstdemo/app/static/images/202208221407254/HPLC/gibbscluster/3rd_Exp_HPLC/logos/gibbs_logos_5of5 -I 2 --format [JPEG] -b 200 -C 2 -t Group 5 of 5
Last position-specific scoring matrix computed, values are in halfbits
A R N D C Q E G H I L K M F P S T W Y V
0 L -3.49 -3.075 -0.124 1.41 -4.043 1.3 0.347 -5.557 3.21 -0.285 1.065 -3.343 2.782 2.8 -0.903 -2.096 -0.317 -0.289 2.235 -1.825
1 P 0.566 -3.593 -2.43 -0.032 -3.996 -0.528 -1.808 0.626 -1.98 -2.412 -0.332 -5.587 1.512 -2.314 5.834 -1.629 -3.639 -7.003 -3.965 -1.418
2 R 0.15 2.992 1.403 -4.674 -5.597 -1.348 -5.077 -3.004 3.405 1.256 -3.04 2.033 1.033 1.779 -1.182 -1.886 -3.203 -3.942 2.202 -1.172
3 L 0.377 -0.879 -0.774 0.941 -7.218 -0.843 1.329 -0.247 -0.449 -0.417 0.238 0.127 -1.317 -0.932 2.032 -0.326 -0.646 -2.059 -1.662 -0.135
4 E -0.796 -1.63 0.124 -0.026 -4.005 0.599 1.885 -0.054 1.138 0.522 -0.353 -0.227 -1.511 -0.355 0.494 0.345 -0.271 0.251 -1.587 -0.381
5 L -0.978 0.008 -1.039 -0.308 -5.24 0.702 -0.339 -0.128 1.834 0.249 0.233 -0.12 -0.325 1.081 -0.27 -0.075 0.881 -2.158 -1.145 0.411
6 V -0.54 -2.555 -1.217 -2.872 -4.247 1.381 -0.404 -2.694 0.41 1.331 0.87 -1.559 -0.577 -1.953 -0.581 0.526 1.807 -1.551 -1.923 2.206
7 A 1.394 -1.722 -2.201 -2.203 -2.197 1.366 0.129 -0.675 0.078 -1.021 -0.365 -1.476 -1.512 -2.338 -0.77 1.422 1.619 -3.623 -0.874 1.591
8 Y -3.48 -3.584 -4.754 -4.141 -3.951 -4.166 -4.381 -5.893 -0.726 -3.195 -3.528 -4.036 -1.642 5.058 -1.965 -3.577 -3.973 -3.806 7.878 -3.023