#Seq2Logo.py -f /var/www/firstdemo/app/static/images/202208221407254/HPLC/gibbscluster/3rd_Exp_HPLC/cores/gibbs.3of5.core -o /var/www/firstdemo/app/static/images/202208221407254/HPLC/gibbscluster/3rd_Exp_HPLC/logos/gibbs_logos_3of5 -I 2 --format [JPEG] -b 200 -C 2 -t Group 3 of 5
Last position-specific scoring matrix computed, values are in halfbits
A R N D C Q E G H I L K M F P S T W Y V
0 K 0.999 2.075 -1.88 -8.524 -8.888 0.137 -6.458 -0.45 1.003 -0.273 -2.941 2.97 -1.739 1.022 -9.828 0.822 0.176 -3.505 2.302 -0.045
1 L -6.841 -8.494 -7.166 -7.794 -6.845 -0.298 -8.493 -8.753 -8.223 2.035 5.273 -9.271 4.457 -7.217 -10.09 -8.82 -2.766 -7.221 -9.211 1.071
2 L 1.188 -3.916 -0.091 0.971 -4.743 1.17 -3.835 -2.312 1.928 0.741 1.402 -2.616 2.872 -0.86 -2.578 -0.552 -0.627 2.838 0.897 -0.626
3 E -0.907 -1.193 0.908 3.457 -7.947 1.093 3.799 0.245 0.794 -6.318 -5.838 0.392 -6.641 -4.776 -0.992 0.102 -0.923 -4.126 -3.539 -4.804
4 K -0.61 0.378 -0.072 -0.21 -4.957 0.794 1.063 -0.494 3.043 1.137 -0.912 1.342 -1.822 -0.167 -5.394 -0.506 -0.671 -2.755 0.283 -0.032
5 L -2.34 -6.626 -0.383 -1.94 -4.498 -0.97 -1.306 -4.697 -1.04 3.14 2.343 -3.811 0.05 -0.537 -0.964 -3.146 -0.13 -5.234 -1.702 3.293
6 E 0.06 -1.658 -0.944 -1.957 -6.044 1.314 1.496 -7.934 3.93 0.236 -1.747 -0.767 0.047 0.282 1.143 -1.856 0.206 0.947 1.441 1.233
7 K -0.469 1.273 0.954 -3.74 -5.377 2.316 1.843 -1.469 1.815 -5.518 -2.919 2.242 -1.732 -2.435 -5.097 0.77 1.472 -6.13 1.333 -2.263
8 V 1.434 -9.249 -8.649 -11.063 -3.255 -9.196 -10.847 -8.682 -8.431 2.153 2.499 -7.204 -1.263 -6.364 -9.769 -8.299 -5.56 -10.243 -6.24 5.706