#Seq2Logo.py -f /var/www/firstdemo/app/static/images/202208221407254/HPLC/gibbscluster/3rd_Exp_HPLC/cores/gibbs.1of4.core -o /var/www/firstdemo/app/static/images/202208221407254/HPLC/gibbscluster/3rd_Exp_HPLC/logos/gibbs_logos_1of4 -I 2 --format [JPEG] -b 200 -C 2 -t Group 1 of 4
Last position-specific scoring matrix computed, values are in halfbits
A R N D C Q E G H I L K M F P S T W Y V
0 L -2.411 -2.314 -0.646 0.291 -4.298 0.969 -0.896 -5.062 2.726 0.109 1.316 -3.671 2.533 3.159 -1.454 -1.127 -0.503 -0.606 2.558 -0.424
1 P 2.77 -0.079 -2.988 -0.69 -6.329 -1.012 -2.726 0.124 -3.105 -2.285 -1.595 -4.669 0.678 -2.357 4.999 -0.112 -2.447 -4.734 -4.232 -1.49
2 R 0.491 2.022 0.953 -2.967 -5.907 -0.668 -2.431 -3.365 2.927 1.611 -2.752 1.407 0.525 1.714 -1.051 -1.532 -2.649 -3.703 2.171 0.36
3 P 0.377 -1.107 -1.388 0.082 -8.141 -1.14 0.939 -0.089 0.243 -0.402 0.237 -0.245 -0.925 -0.763 2.938 -0.479 -0.707 -2.934 -1.62 0.21
4 P -0.639 -1.031 -0.101 -0.322 -7.232 0.618 1.192 -0.088 1.621 -0.324 -0.702 -0.851 -1.424 -0.666 2.306 0.121 -0.485 -0.109 -1.084 0.467
5 G -0.214 0.305 -0.873 -0.967 -5.672 0.775 -0.848 0.812 1.677 -0.766 -0.257 -0.444 -0.305 0.937 0.165 0.544 0.919 -3.171 -1.472 0.137
6 L -0.166 -1.095 -1.007 -3.865 -4.856 0.997 -0.856 -2.377 0.609 0.934 1.007 -1.01 -0.321 -1.884 0.208 0.861 1.46 -1.316 -1.791 1.665
7 A 1.726 -1.757 -2.428 -2.562 -3.194 1.132 0.159 -0.964 0.032 -1.211 -0.681 -1.824 -1.37 -1.697 0.178 1.748 1.324 -4.63 -1.172 1.498
8 Y -3.589 -3.769 -4.572 -4.896 -3.421 -3.424 -4.161 -5.747 -1.503 -2.505 2.252 -4.256 0.416 4.417 -2.629 -4.274 -3.453 -4.111 6.956 -3.446