#Seq2Logo.py -f /var/www/firstdemo/app/static/images/202208221407254/selected-9mer-binders-for-seqlogo.txt -o /var/www/firstdemo/app/static/images/202208221407254/seqLogoApi --format [JPEG] -t Filter (624/733) -S 2 -I 2
Last position-specific scoring matrix computed, values are in halfbits
A R N D C Q E G H I L K M F P S T W Y V
1 F 0.154 -2.412 -5.136 -5.622 -3.418 -3.239 -6.062 -2.707 -1.077 0.624 0.785 -1.455 0.829 5.338 -6.91 -1.003 -1.511 0.355 3.578 0.579
2 A 4.038 -3.772 -4.678 -5.505 -2.547 -1.407 -5.388 -0.665 -5.16 0.553 0.881 -4.878 -0.662 -3.931 1.385 1.192 0.136 -6.162 -5.022 0.245
3 I 0.646 -4.511 -0.447 -0.205 -2.262 -1.886 -2.419 -2.228 0.105 2.955 0.119 -2.985 1.626 2.113 -3.246 -1.15 -0.059 -2.423 2.335 1.03
4 G -0.985 -1.701 -0.303 2.767 -3.79 -0.174 1.303 2.139 0.046 -2.545 -2.495 -1.949 -3.062 -1.568 2.943 0.52 -1.038 -1.402 -2.169 -3.54
5 A 0.891 -1.339 -0.206 -0.67 -3.088 -2.035 -1.563 0.886 -0.022 0.337 -0.542 -1.984 -2.157 1.398 0.982 0.691 0.16 0.381 -1.201 1.128
6 I 0.633 -1.387 -1.479 -1.372 -2.598 -1.759 -2.797 1.136 0.584 1.674 -0.077 -3.186 -1.155 2.1 0.053 0.358 0.434 -2.177 0.333 0.532
7 L 0.067 -0.845 -2.376 -4.832 -1.712 -0.735 -2.969 -2.524 1.557 1.254 2.276 -0.916 0.219 -0.627 0.342 0.389 0.151 -0.753 -0.356 0.992
8 S 1.622 -2.055 -2.412 -3.467 -3.21 0.467 1.793 -2.512 -0.958 -0.342 -2.228 -2.898 -2.019 -0.343 -3.599 2.274 2.006 -4.539 0.33 1.257
9 L -4.477 -6.031 -6.96 -7.285 -4.131 -6.446 -7.018 -7.015 -5.382 -0.586 5.504 -6.283 1.167 3.0 -7.441 -6.801 -5.428 -2.983 1.337 -1.582