#Seq2Logo.py -f data\11-ID-2020-11-14\VMM\VMM1_2nd_nil_DT9_peptide.txt --format [PNG] -o app\static\images\11-ID-2020-11-14\VMM\seqlogos\VMM1_2nd_nil_DT9_peptide
Last position-specific scoring matrix computed, values are in halfbits
A R N D C Q E G H I L K M F P S T W Y V
0 S 1.395 0.32 0.296 -1.116 -7.062 -0.636 -0.756 -1.618 2.021 -0.667 -1.836 0.991 -5.136 0.533 -7.16 1.669 0.561 -6.08 2.133 -0.055
1 R 0.541 5.776 -2.925 -4.08 -6.386 -0.782 0.173 -2.012 -2.129 -2.774 -1.803 -2.112 -6.072 -3.989 -4.39 -0.746 0.434 -5.48 0.653 -0.042
2 Y 0.924 -2.993 1.205 -2.013 -5.451 -1.095 -2.699 -1.406 0.514 0.425 -3.186 0.04 -5.769 2.154 1.908 0.983 -0.748 -3.283 3.505 -0.306
3 P -1.175 -3.371 0.117 2.886 -7.559 0.566 2.182 0.682 -1.267 -2.442 -2.536 -1.486 -7.589 -3.289 3.405 0.35 -0.836 -3.732 -2.54 -1.339
4 G -1.297 -0.138 0.644 -0.857 -6.303 0.094 -0.494 0.831 2.773 0.807 -0.334 0.905 -5.17 1.097 -0.442 -0.964 -0.665 -3.345 0.487 0.387
5 V -0.292 -1.549 -1.395 -2.652 -5.98 0.028 -0.267 -1.264 -0.373 2.504 -0.074 -1.771 -4.934 -2.469 1.92 -1.167 0.919 -5.604 -1.753 2.669
6 R -2.028 4.154 0.805 -4.329 -7.468 2.501 -2.059 -3.43 1.67 0.253 -0.862 1.061 -5.592 -0.77 -2.655 -1.127 -0.464 -4.109 -0.548 0.77
7 E -0.713 0.58 -0.372 -1.266 -7.226 1.542 1.438 -2.291 0.791 -0.241 -0.114 1.038 -4.133 -0.967 -4.259 0.473 0.913 -2.611 1.003 0.635
8 L -3.944 -1.633 -7.626 -8.028 -6.764 -5.742 -7.238 -7.482 -2.81 1.547 3.573 -0.19 -4.486 1.305 -5.222 -5.962 -5.316 -5.943 3.592 3.698