#Seq2Logo.py -f data\9-ID-2020-11-14\Inferon\peptide_AB190613_1106_nil_PEAKS20_DT9.txt --format [PNG] -o app\static\images\9-ID-2020-11-14\Inferon\seqlogos\peptide_AB190613_1106_nil_PEAKS20_DT9
Last position-specific scoring matrix computed, values are in halfbits
A R N D C Q E G H I L K M F P S T W Y V
0 S 1.123 0.295 0.197 -1.889 -5.111 -1.31 -3.602 -1.075 1.13 0.237 -0.539 1.2 -2.207 1.882 -5.042 1.266 0.028 -0.698 1.096 0.366
1 R -0.763 4.699 -3.077 -4.262 -4.349 -0.889 -2.233 -2.177 -2.039 -0.598 -0.068 -1.684 -4.172 -1.249 -0.399 -0.563 0.516 -2.876 2.862 0.616
2 F 0.643 -1.631 0.578 -1.928 -5.234 -0.972 -3.391 -1.385 0.597 0.432 -0.64 -1.572 -3.242 2.96 2.273 0.003 -0.77 -3.191 2.581 0.137
3 P -0.945 -4.496 1.274 2.754 -4.481 0.356 1.386 0.33 -0.928 -1.559 -0.586 -1.652 -4.333 -1.255 3.218 -0.664 -1.187 -1.683 -3.507 -1.066
4 L -1.208 -1.297 -0.98 -1.403 -4.221 -1.417 -1.263 0.147 0.86 0.588 1.154 -0.944 -0.873 2.097 0.769 -1.348 -0.477 1.244 1.274 1.214
5 V 0.091 -2.933 -2.051 -2.514 -4.928 -0.597 -0.715 -1.413 -1.506 2.368 0.821 -2.817 -3.287 0.794 1.471 -1.464 0.097 -3.48 -0.542 2.682
6 R -1.661 3.252 0.439 -2.747 -5.396 1.379 -1.674 -2.91 0.425 1.11 1.08 -0.724 -2.656 0.921 -2.082 -2.15 -0.439 0.408 -0.095 0.814
7 L -0.984 -0.151 -0.255 -2.299 -5.292 1.132 1.209 -0.995 -0.04 -0.068 0.74 0.2 -1.88 -0.331 -2.038 0.335 0.168 0.637 1.064 0.786
8 L -4.933 2.132 -6.164 -5.248 -5.391 -4.572 -6.007 -6.436 -1.618 0.176 2.892 3.583 -3.447 1.777 -4.692 -6.498 -4.28 -1.877 2.587 1.411